period_start,period_end,province,area,coffee_type,avg_price_vnd_per_kg,observed_price_vnd_per_kg,price_observations,price_fill_method,avg_temperature_c,avg_humidity_percent,total_rainfall_mm,avg_soil_moisture_0_7cm,dominant_soil_type,soil_score,soil_data_confidence,source_url_count,source_names
2020-01-01,2020-01-31,Dak Lak,Buon Ho,Robusta / ca phe nhan xo noi dia,31150,,0,interpolated_area,20.3,81.452,2.0,0.205,Dat do bazan,5,medium,0,
2020-01-01,2020-01-31,Dak Lak,Cu M'gar,Robusta / ca phe nhan xo noi dia,31092,,0,interpolated_area,22.787,71.355,1.5,0.212,Dat do bazan,5,high,0,
2020-01-01,2020-01-31,Dak Lak,Ea H'leo,Robusta / ca phe nhan xo noi dia,31033,,0,interpolated_area,21.319,75.065,3.2,0.239,Dat do bazan,5,medium,0,
2020-01-01,2020-01-31,Dak Nong,Dak R'lap,Robusta / ca phe nhan xo noi dia,32900,,0,interpolated_area,22.687,68.774,1.5,0.307,Dat do bazan,4,low,0,
2020-01-01,2020-01-31,Dak Nong,Gia Nghia,Robusta / ca phe nhan xo noi dia,32900,,0,interpolated_area,22.435,67.968,1.0,0.229,Dat do bazan,4,low,0,
2020-01-01,2020-01-31,Gia Lai,Chu Prong,Robusta / ca phe nhan xo noi dia,31200,,0,interpolated_area,23.597,63.161,6.3,0.196,Dat do bazan,4,low,0,
2020-01-01,2020-01-31,Gia Lai,Ia Grai,Robusta / ca phe nhan xo noi dia,31200,,0,interpolated_area,24.858,59.323,5.3,0.248,Dat do bazan,4,low,0,
2020-01-01,2020-01-31,Gia Lai,Pleiku,Robusta / ca phe nhan xo noi dia,31200,,0,interpolated_area,21.0,69.581,6.8,0.259,Dat do bazan,4,low,0,
2020-01-01,2020-01-31,Kon Tum,Kon Tum,Robusta / ca phe nhan xo noi dia,31100,,0,interpolated_area,21.871,67.581,5.9,0.251,Dat do vang / dat bazan cuc bo,3,low,0,
2020-01-01,2020-01-31,Lam Dong,Bao Loc,Robusta / ca phe nhan xo noi dia,30800,,0,interpolated_area,21.326,71.677,4.4,0.254,Dat do vang tren bazan,4,low,0,
2020-01-01,2020-01-31,Lam Dong,Di Linh,Robusta / ca phe nhan xo noi dia,30800,,0,interpolated_area,21.5,64.613,5.1,0.212,Dat do vang tren bazan,4,medium,0,
2020-01-01,2020-01-31,Lam Dong,Lam Ha,Robusta / ca phe nhan xo noi dia,30800,,0,interpolated_area,21.01,67.677,0.4,0.26,Dat do vang tren bazan,4,low,0,
2020-02-01,2020-02-29,Dak Lak,Buon Ho,Robusta / ca phe nhan xo noi dia,31150,,0,interpolated_area,20.848,77.207,2.0,0.173,Dat do bazan,5,medium,0,
2020-02-01,2020-02-29,Dak Lak,Cu M'gar,Robusta / ca phe nhan xo noi dia,31092,,0,interpolated_area,23.324,67.448,1.4,0.214,Dat do bazan,5,high,0,
2020-02-01,2020-02-29,Dak Lak,Ea H'leo,Robusta / ca phe nhan xo noi dia,31033,,0,interpolated_area,21.731,71.448,4.1,0.223,Dat do bazan,5,medium,0,
2020-02-01,2020-02-29,Dak Nong,Dak R'lap,Robusta / ca phe nhan xo noi dia,32900,,0,interpolated_area,23.117,64.724,3.2,0.3,Dat do bazan,4,low,0,
2020-02-01,2020-02-29,Dak Nong,Gia Nghia,Robusta / ca phe nhan xo noi dia,32900,,0,interpolated_area,22.893,64.828,2.0,0.227,Dat do bazan,4,low,0,
2020-02-01,2020-02-29,Gia Lai,Chu Prong,Robusta / ca phe nhan xo noi dia,31200,,0,interpolated_area,24.29,57.586,1.9,0.197,Dat do bazan,4,low,0,
2020-02-01,2020-02-29,Gia Lai,Ia Grai,Robusta / ca phe nhan xo noi dia,31200,,0,interpolated_area,25.376,54.517,1.1,0.252,Dat do bazan,4,low,0,
2020-02-01,2020-02-29,Gia Lai,Pleiku,Robusta / ca phe nhan xo noi dia,31200,,0,interpolated_area,21.514,64.069,2.1,0.264,Dat do bazan,4,low,0,
2020-02-01,2020-02-29,Kon Tum,Kon Tum,Robusta / ca phe nhan xo noi dia,31100,,0,interpolated_area,22.286,63.241,0.5,0.241,Dat do vang / dat bazan cuc bo,3,low,0,
2020-02-01,2020-02-29,Lam Dong,Bao Loc,Robusta / ca phe nhan xo noi dia,30800,,0,interpolated_area,21.945,65.0,6.6,0.256,Dat do vang tren bazan,4,low,0,
2020-02-01,2020-02-29,Lam Dong,Di Linh,Robusta / ca phe nhan xo noi dia,30800,,0,interpolated_area,21.659,61.552,11.0,0.23,Dat do vang tren bazan,4,medium,0,
2020-02-01,2020-02-29,Lam Dong,Lam Ha,Robusta / ca phe nhan xo noi dia,30800,,0,interpolated_area,21.676,61.655,7.9,0.268,Dat do vang tren bazan,4,low,0,
2020-03-01,2020-03-31,Dak Lak,Buon Ho,Robusta / ca phe nhan xo noi dia,31150,,0,interpolated_area,24.552,70.419,2.3,0.169,Dat do bazan,5,medium,0,
2020-03-01,2020-03-31,Dak Lak,Cu M'gar,Robusta / ca phe nhan xo noi dia,31092,,0,interpolated_area,27.177,60.516,1.6,0.217,Dat do bazan,5,high,0,
2020-03-01,2020-03-31,Dak Lak,Ea H'leo,Robusta / ca phe nhan xo noi dia,31033,,0,interpolated_area,25.716,63.968,2.1,0.212,Dat do bazan,5,medium,0,
2020-03-01,2020-03-31,Dak Nong,Dak R'lap,Robusta / ca phe nhan xo noi dia,32900,,0,interpolated_area,24.865,71.903,17.9,0.335,Dat do bazan,4,low,0,
2020-03-01,2020-03-31,Dak Nong,Gia Nghia,Robusta / ca phe nhan xo noi dia,32900,,0,interpolated_area,25.203,68.226,11.0,0.247,Dat do bazan,4,low,0,
2020-03-01,2020-03-31,Gia Lai,Chu Prong,Robusta / ca phe nhan xo noi dia,31200,,0,interpolated_area,27.794,56.0,4.0,0.191,Dat do bazan,4,low,0,
2020-03-01,2020-03-31,Gia Lai,Ia Grai,Robusta / ca phe nhan xo noi dia,31200,,0,interpolated_area,28.735,54.258,5.7,0.254,Dat do bazan,4,low,0,
2020-03-01,2020-03-31,Gia Lai,Pleiku,Robusta / ca phe nhan xo noi dia,31200,,0,interpolated_area,25.145,62.419,6.6,0.253,Dat do bazan,4,low,0,
2020-03-01,2020-03-31,Kon Tum,Kon Tum,Robusta / ca phe nhan xo noi dia,31100,,0,interpolated_area,26.252,61.387,5.5,0.236,Dat do vang / dat bazan cuc bo,3,low,0,
2020-03-01,2020-03-31,Lam Dong,Bao Loc,Robusta / ca phe nhan xo noi dia,30800,,0,interpolated_area,23.39,70.742,20.3,0.268,Dat do vang tren bazan,4,low,0,
2020-03-01,2020-03-31,Lam Dong,Di Linh,Robusta / ca phe nhan xo noi dia,30800,,0,interpolated_area,23.003,68.968,23.1,0.246,Dat do vang tren bazan,4,medium,0,
2020-03-01,2020-03-31,Lam Dong,Lam Ha,Robusta / ca phe nhan xo noi dia,30800,,0,interpolated_area,23.565,66.806,10.7,0.268,Dat do vang tren bazan,4,low,0,
2020-04-01,2020-04-30,Dak Lak,Buon Ho,Robusta / ca phe nhan xo noi dia,31150,,0,interpolated_area,24.563,74.833,17.5,0.182,Dat do bazan,5,medium,0,
2020-04-01,2020-04-30,Dak Lak,Cu M'gar,Robusta / ca phe nhan xo noi dia,31092,,0,interpolated_area,27.113,65.2,27.7,0.239,Dat do bazan,5,high,0,
2020-04-01,2020-04-30,Dak Lak,Ea H'leo,Robusta / ca phe nhan xo noi dia,31033,,0,interpolated_area,25.667,68.833,21.7,0.233,Dat do bazan,5,medium,0,
2020-04-01,2020-04-30,Dak Nong,Dak R'lap,Robusta / ca phe nhan xo noi dia,32900,,0,interpolated_area,24.78,79.233,99.0,0.419,Dat do bazan,4,low,0,
2020-04-01,2020-04-30,Dak Nong,Gia Nghia,Robusta / ca phe nhan xo noi dia,32900,,0,interpolated_area,24.887,76.2,71.9,0.341,Dat do bazan,4,low,0,
2020-04-01,2020-04-30,Gia Lai,Chu Prong,Robusta / ca phe nhan xo noi dia,31200,,0,interpolated_area,27.52,62.233,37.7,0.246,Dat do bazan,4,low,0,
2020-04-01,2020-04-30,Gia Lai,Ia Grai,Robusta / ca phe nhan xo noi dia,31200,,0,interpolated_area,28.463,61.0,50.2,0.301,Dat do bazan,4,low,0,
2020-04-01,2020-04-30,Gia Lai,Pleiku,Robusta / ca phe nhan xo noi dia,31200,,0,interpolated_area,24.897,68.367,46.7,0.311,Dat do bazan,4,low,0,
2020-04-01,2020-04-30,Kon Tum,Kon Tum,Robusta / ca phe nhan xo noi dia,31100,,0,interpolated_area,25.947,68.633,30.1,0.294,Dat do vang / dat bazan cuc bo,3,low,0,
2020-04-01,2020-04-30,Lam Dong,Bao Loc,Robusta / ca phe nhan xo noi dia,30800,,0,interpolated_area,23.147,79.633,163.3,0.372,Dat do vang tren bazan,4,low,0,
2020-04-01,2020-04-30,Lam Dong,Di Linh,Robusta / ca phe nhan xo noi dia,30800,,0,interpolated_area,22.863,76.667,111.3,0.358,Dat do vang tren bazan,4,medium,0,
2020-04-01,2020-04-30,Lam Dong,Lam Ha,Robusta / ca phe nhan xo noi dia,30800,,0,interpolated_area,23.2,75.5,83.9,0.353,Dat do vang tren bazan,4,low,0,
2020-05-01,2020-05-31,Dak Lak,Buon Ho,Robusta / ca phe nhan xo noi dia,31150,,0,interpolated_area,26.645,73.387,132.8,0.259,Dat do bazan,5,medium,0,
2020-05-01,2020-05-31,Dak Lak,Cu M'gar,Robusta / ca phe nhan xo noi dia,31092,,0,interpolated_area,28.174,70.581,162.2,0.32,Dat do bazan,5,high,0,
2020-05-01,2020-05-31,Dak Lak,Ea H'leo,Robusta / ca phe nhan xo noi dia,31033,,0,interpolated_area,27.277,70.677,160.4,0.302,Dat do bazan,5,medium,0,
2020-05-01,2020-05-31,Dak Nong,Dak R'lap,Robusta / ca phe nhan xo noi dia,32900,,0,interpolated_area,25.403,83.742,145.1,0.434,Dat do bazan,4,low,0,
2020-05-01,2020-05-31,Dak Nong,Gia Nghia,Robusta / ca phe nhan xo noi dia,32900,,0,interpolated_area,25.468,81.839,189.1,0.391,Dat do bazan,4,low,0,
2020-05-01,2020-05-31,Gia Lai,Chu Prong,Robusta / ca phe nhan xo noi dia,31200,,0,interpolated_area,28.329,69.065,146.4,0.319,Dat do bazan,4,low,0,
2020-05-01,2020-05-31,Gia Lai,Ia Grai,Robusta / ca phe nhan xo noi dia,31200,,0,interpolated_area,28.89,69.871,169.3,0.354,Dat do bazan,4,low,0,
2020-05-01,2020-05-31,Gia Lai,Pleiku,Robusta / ca phe nhan xo noi dia,31200,,0,interpolated_area,26.342,71.677,109.2,0.33,Dat do bazan,4,low,0,
2020-05-01,2020-05-31,Kon Tum,Kon Tum,Robusta / ca phe nhan xo noi dia,31100,,0,interpolated_area,27.177,73.613,115.2,0.339,Dat do vang / dat bazan cuc bo,3,low,0,
2020-05-01,2020-05-31,Lam Dong,Bao Loc,Robusta / ca phe nhan xo noi dia,30800,,0,interpolated_area,24.068,82.871,100.9,0.352,Dat do vang tren bazan,4,low,0,
2020-05-01,2020-05-31,Lam Dong,Di Linh,Robusta / ca phe nhan xo noi dia,30800,,0,interpolated_area,23.494,82.29,176.4,0.364,Dat do vang tren bazan,4,medium,0,
2020-05-01,2020-05-31,Lam Dong,Lam Ha,Robusta / ca phe nhan xo noi dia,30800,,0,interpolated_area,24.213,78.484,104.2,0.342,Dat do vang tren bazan,4,low,0,
2020-06-01,2020-06-30,Dak Lak,Buon Ho,Robusta / ca phe nhan xo noi dia,31150,31150.0,2,observed,24.467,84.733,184.8,0.42,Dat do bazan,5,medium,2,Nong Nghiep Moi Truong
2020-06-01,2020-06-30,Dak Lak,Cu M'gar,Robusta / ca phe nhan xo noi dia,31092,,0,province_proxy,25.617,83.633,284.1,0.445,Dat do bazan,5,high,0,
2020-06-01,2020-06-30,Dak Lak,Ea H'leo,Robusta / ca phe nhan xo noi dia,31033,31033.333333333332,3,observed,25.053,83.033,177.7,0.443,Dat do bazan,5,medium,3,Nong Nghiep Moi Truong
2020-06-01,2020-06-30,Dak Nong,Dak R'lap,Robusta / ca phe nhan xo noi dia,32900,,0,interpolated_area,23.697,91.533,380.7,0.496,Dat do bazan,4,low,0,
2020-06-01,2020-06-30,Dak Nong,Gia Nghia,Robusta / ca phe nhan xo noi dia,32900,,0,interpolated_area,23.617,90.2,304.4,0.493,Dat do bazan,4,low,0,
2020-06-01,2020-06-30,Gia Lai,Chu Prong,Robusta / ca phe nhan xo noi dia,31200,,0,province_proxy,25.627,85.567,202.1,0.46,Dat do bazan,4,low,0,
2020-06-01,2020-06-30,Gia Lai,Ia Grai,Robusta / ca phe nhan xo noi dia,31200,31200.0,4,observed,26.163,86.567,204.8,0.48,Dat do bazan,4,low,4,Nong Nghiep Moi Truong
2020-06-01,2020-06-30,Gia Lai,Pleiku,Robusta / ca phe nhan xo noi dia,31200,31200.0,4,observed,23.877,87.433,133.4,0.445,Dat do bazan,4,low,4,Nong Nghiep Moi Truong
2020-06-01,2020-06-30,Kon Tum,Kon Tum,Robusta / ca phe nhan xo noi dia,31100,31100.0,4,observed,24.963,86.733,175.8,0.442,Dat do vang / dat bazan cuc bo,3,low,4,Nong Nghiep Moi Truong
2020-06-01,2020-06-30,Lam Dong,Bao Loc,Robusta / ca phe nhan xo noi dia,30800,30800.0,4,observed,22.643,89.867,295.8,0.467,Dat do vang tren bazan,4,low,4,Nong Nghiep Moi Truong
2020-06-01,2020-06-30,Lam Dong,Di Linh,Robusta / ca phe nhan xo noi dia,30800,30800.0,4,observed,22.007,90.0,359.3,0.491,Dat do vang tren bazan,4,medium,4,Nong Nghiep Moi Truong
2020-06-01,2020-06-30,Lam Dong,Lam Ha,Robusta / ca phe nhan xo noi dia,30800,30800.0,4,observed,22.593,87.267,268.8,0.475,Dat do vang tren bazan,4,low,4,Nong Nghiep Moi Truong
2020-07-01,2020-07-31,Dak Lak,Buon Ho,Robusta / ca phe nhan xo noi dia,31682,,0,interpolated_area,24.09,86.129,286.1,0.455,Dat do bazan,5,medium,0,
2020-07-01,2020-07-31,Dak Lak,Cu M'gar,Robusta / ca phe nhan xo noi dia,31493,,0,interpolated_area,25.268,84.645,324.9,0.449,Dat do bazan,5,high,0,
2020-07-01,2020-07-31,Dak Lak,Ea H'leo,Robusta / ca phe nhan xo noi dia,31588,,0,interpolated_area,24.561,85.0,408.2,0.473,Dat do bazan,5,medium,0,
2020-07-01,2020-07-31,Dak Nong,Dak R'lap,Robusta / ca phe nhan xo noi dia,32900,,0,interpolated_area,23.468,91.161,491.1,0.496,Dat do bazan,4,low,0,
2020-07-01,2020-07-31,Dak Nong,Gia Nghia,Robusta / ca phe nhan xo noi dia,32900,,0,interpolated_area,23.381,90.323,427.3,0.493,Dat do bazan,4,low,0,
2020-07-01,2020-07-31,Gia Lai,Chu Prong,Robusta / ca phe nhan xo noi dia,31520,,0,interpolated_area,25.335,86.516,292.5,0.472,Dat do bazan,4,low,0,
2020-07-01,2020-07-31,Gia Lai,Ia Grai,Robusta / ca phe nhan xo noi dia,31702,,0,interpolated_area,25.868,87.484,327.7,0.494,Dat do bazan,4,low,0,
2020-07-01,2020-07-31,Gia Lai,Pleiku,Robusta / ca phe nhan xo noi dia,31702,,0,interpolated_area,23.574,88.258,236.4,0.47,Dat do bazan,4,low,0,
2020-07-01,2020-07-31,Kon Tum,Kon Tum,Robusta / ca phe nhan xo noi dia,31589,,0,interpolated_area,24.529,87.806,251.1,0.465,Dat do vang / dat bazan cuc bo,3,low,0,
2020-07-01,2020-07-31,Lam Dong,Bao Loc,Robusta / ca phe nhan xo noi dia,31284,,0,interpolated_area,22.374,89.839,231.0,0.48,Dat do vang tren bazan,4,low,0,
2020-07-01,2020-07-31,Lam Dong,Di Linh,Robusta / ca phe nhan xo noi dia,31282,,0,interpolated_area,21.81,89.806,316.0,0.491,Dat do vang tren bazan,4,medium,0,
2020-07-01,2020-07-31,Lam Dong,Lam Ha,Robusta / ca phe nhan xo noi dia,31298,,0,interpolated_area,22.242,87.097,180.4,0.467,Dat do vang tren bazan,4,low,0,
2020-08-01,2020-08-31,Dak Lak,Buon Ho,Robusta / ca phe nhan xo noi dia,32214,,0,interpolated_area,23.874,86.677,159.2,0.461,Dat do bazan,5,medium,0,
2020-08-01,2020-08-31,Dak Lak,Cu M'gar,Robusta / ca phe nhan xo noi dia,31895,,0,interpolated_area,25.032,85.581,223.4,0.481,Dat do bazan,5,high,0,
2020-08-01,2020-08-31,Dak Lak,Ea H'leo,Robusta / ca phe nhan xo noi dia,32144,,0,interpolated_area,24.197,86.452,223.5,0.482,Dat do bazan,5,medium,0,
2020-08-01,2020-08-31,Dak Nong,Dak R'lap,Robusta / ca phe nhan xo noi dia,32900,,0,interpolated_area,23.629,90.871,358.1,0.491,Dat do bazan,4,low,0,
2020-08-01,2020-08-31,Dak Nong,Gia Nghia,Robusta / ca phe nhan xo noi dia,32900,,0,interpolated_area,23.539,89.871,335.9,0.484,Dat do bazan,4,low,0,
2020-08-01,2020-08-31,Gia Lai,Chu Prong,Robusta / ca phe nhan xo noi dia,31840,,0,interpolated_area,24.568,89.548,375.9,0.491,Dat do bazan,4,low,0,
2020-08-01,2020-08-31,Gia Lai,Ia Grai,Robusta / ca phe nhan xo noi dia,32204,,0,interpolated_area,25.165,90.065,493.2,0.498,Dat do bazan,4,low,0,
2020-08-01,2020-08-31,Gia Lai,Pleiku,Robusta / ca phe nhan xo noi dia,32204,,0,interpolated_area,22.839,91.452,313.2,0.49,Dat do bazan,4,low,0,
2020-08-01,2020-08-31,Kon Tum,Kon Tum,Robusta / ca phe nhan xo noi dia,32078,,0,interpolated_area,23.984,89.968,304.2,0.496,Dat do vang / dat bazan cuc bo,3,low,0,
2020-08-01,2020-08-31,Lam Dong,Bao Loc,Robusta / ca phe nhan xo noi dia,31767,,0,interpolated_area,22.506,90.226,216.9,0.476,Dat do vang tren bazan,4,low,0,
2020-08-01,2020-08-31,Lam Dong,Di Linh,Robusta / ca phe nhan xo noi dia,31764,,0,interpolated_area,21.842,91.323,294.3,0.48,Dat do vang tren bazan,4,medium,0,
2020-08-01,2020-08-31,Lam Dong,Lam Ha,Robusta / ca phe nhan xo noi dia,31796,,0,interpolated_area,22.506,87.161,215.7,0.473,Dat do vang tren bazan,4,low,0,
2020-09-01,2020-09-30,Dak Lak,Buon Ho,Robusta / ca phe nhan xo noi dia,32745,,0,interpolated_area,23.707,87.767,239.5,0.478,Dat do bazan,5,medium,0,
2020-09-01,2020-09-30,Dak Lak,Cu M'gar,Robusta / ca phe nhan xo noi dia,32297,,0,interpolated_area,24.877,86.7,355.9,0.49,Dat do bazan,5,high,0,
2020-09-01,2020-09-30,Dak Lak,Ea H'leo,Robusta / ca phe nhan xo noi dia,32699,,0,interpolated_area,24.143,87.0,347.0,0.487,Dat do bazan,5,medium,0,
2020-09-01,2020-09-30,Dak Nong,Dak R'lap,Robusta / ca phe nhan xo noi dia,32900,,0,interpolated_area,23.23,92.167,471.6,0.497,Dat do bazan,4,low,0,
2020-09-01,2020-09-30,Dak Nong,Gia Nghia,Robusta / ca phe nhan xo noi dia,32900,,0,interpolated_area,23.1,91.2,353.1,0.494,Dat do bazan,4,low,0,
2020-09-01,2020-09-30,Gia Lai,Chu Prong,Robusta / ca phe nhan xo noi dia,32160,,0,interpolated_area,24.97,87.4,371.5,0.489,Dat do bazan,4,low,0,
2020-09-01,2020-09-30,Gia Lai,Ia Grai,Robusta / ca phe nhan xo noi dia,32705,,0,interpolated_area,25.58,87.533,387.5,0.493,Dat do bazan,4,low,0,
2020-09-01,2020-09-30,Gia Lai,Pleiku,Robusta / ca phe nhan xo noi dia,32705,,0,interpolated_area,23.197,89.4,436.2,0.492,Dat do bazan,4,low,0,
2020-09-01,2020-09-30,Kon Tum,Kon Tum,Robusta / ca phe nhan xo noi dia,32567,,0,interpolated_area,24.187,88.467,245.1,0.48,Dat do vang / dat bazan cuc bo,3,low,0,
2020-09-01,2020-09-30,Lam Dong,Bao Loc,Robusta / ca phe nhan xo noi dia,32251,,0,interpolated_area,22.243,90.633,250.0,0.479,Dat do vang tren bazan,4,low,0,
2020-09-01,2020-09-30,Lam Dong,Di Linh,Robusta / ca phe nhan xo noi dia,32245,,0,interpolated_area,21.677,90.3,277.2,0.489,Dat do vang tren bazan,4,medium,0,
2020-09-01,2020-09-30,Lam Dong,Lam Ha,Robusta / ca phe nhan xo noi dia,32294,,0,interpolated_area,22.04,88.167,252.5,0.488,Dat do vang tren bazan,4,low,0,
2020-10-01,2020-10-31,Dak Lak,Buon Ho,Robusta / ca phe nhan xo noi dia,33277,,0,interpolated_area,22.632,89.645,532.1,0.486,Dat do bazan,5,medium,0,
2020-10-01,2020-10-31,Dak Lak,Cu M'gar,Robusta / ca phe nhan xo noi dia,32698,,0,interpolated_area,24.055,86.839,436.5,0.485,Dat do bazan,5,high,0,
2020-10-01,2020-10-31,Dak Lak,Ea H'leo,Robusta / ca phe nhan xo noi dia,33254,,0,interpolated_area,23.126,87.774,429.2,0.487,Dat do bazan,5,medium,0,
2020-10-01,2020-10-31,Dak Nong,Dak R'lap,Robusta / ca phe nhan xo noi dia,32900,,0,interpolated_area,22.561,93.419,441.9,0.496,Dat do bazan,4,low,0,
2020-10-01,2020-10-31,Dak Nong,Gia Nghia,Robusta / ca phe nhan xo noi dia,32900,,0,interpolated_area,22.432,92.548,404.8,0.495,Dat do bazan,4,low,0,
2020-10-01,2020-10-31,Gia Lai,Chu Prong,Robusta / ca phe nhan xo noi dia,32480,,0,interpolated_area,23.884,87.742,495.2,0.485,Dat do bazan,4,low,0,
2020-10-01,2020-10-31,Gia Lai,Ia Grai,Robusta / ca phe nhan xo noi dia,33207,,0,interpolated_area,24.529,88.161,544.9,0.488,Dat do bazan,4,low,0,
2020-10-01,2020-10-31,Gia Lai,Pleiku,Robusta / ca phe nhan xo noi dia,33207,,0,interpolated_area,22.174,89.129,542.3,0.489,Dat do bazan,4,low,0,
2020-10-01,2020-10-31,Kon Tum,Kon Tum,Robusta / ca phe nhan xo noi dia,33056,,0,interpolated_area,23.152,87.742,473.2,0.475,Dat do vang / dat bazan cuc bo,3,low,0,
2020-10-01,2020-10-31,Lam Dong,Bao Loc,Robusta / ca phe nhan xo noi dia,32735,,0,interpolated_area,21.523,92.613,345.9,0.498,Dat do vang tren bazan,4,low,0,
2020-10-01,2020-10-31,Lam Dong,Di Linh,Robusta / ca phe nhan xo noi dia,32727,,0,interpolated_area,21.019,92.935,439.8,0.5,Dat do vang tren bazan,4,medium,0,
2020-10-01,2020-10-31,Lam Dong,Lam Ha,Robusta / ca phe nhan xo noi dia,32792,,0,interpolated_area,21.419,90.29,453.3,0.498,Dat do vang tren bazan,4,low,0,
2020-11-01,2020-11-30,Dak Lak,Buon Ho,Robusta / ca phe nhan xo noi dia,33809,33809.09090909091,11,observed,21.767,86.7,215.7,0.4,Dat do bazan,5,medium,11,Nong Nghiep Moi Truong
2020-11-01,2020-11-30,Dak Lak,Cu M'gar,Robusta / ca phe nhan xo noi dia,33100,33100.0,1,observed,23.547,80.9,202.6,0.398,Dat do bazan,5,high,1,Nong Nghiep Moi Truong
2020-11-01,2020-11-30,Dak Lak,Ea H'leo,Robusta / ca phe nhan xo noi dia,33809,33809.09090909091,11,observed,22.313,83.5,214.2,0.421,Dat do bazan,5,medium,11,Nong Nghiep Moi Truong
2020-11-01,2020-11-30,Dak Nong,Dak R'lap,Robusta / ca phe nhan xo noi dia,32900,32900.0,1,observed,22.687,83.167,118.5,0.442,Dat do bazan,4,low,1,Nong Nghiep Moi Truong
2020-11-01,2020-11-30,Dak Nong,Gia Nghia,Robusta / ca phe nhan xo noi dia,32900,32900.0,1,observed,22.46,82.733,129.9,0.42,Dat do bazan,4,low,1,Nong Nghiep Moi Truong
2020-11-01,2020-11-30,Gia Lai,Chu Prong,Robusta / ca phe nhan xo noi dia,32800,32800.0,1,observed,23.98,75.5,142.0,0.37,Dat do bazan,4,low,1,Nong Nghiep Moi Truong
2020-11-01,2020-11-30,Gia Lai,Ia Grai,Robusta / ca phe nhan xo noi dia,33709,33709.09090909091,11,observed,24.663,75.133,141.8,0.403,Dat do bazan,4,low,11,Nong Nghiep Moi Truong
2020-11-01,2020-11-30,Gia Lai,Pleiku,Robusta / ca phe nhan xo noi dia,33709,33709.09090909091,11,observed,21.7,80.733,164.3,0.404,Dat do bazan,4,low,11,Nong Nghiep Moi Truong
2020-11-01,2020-11-30,Kon Tum,Kon Tum,Robusta / ca phe nhan xo noi dia,33545,33545.454545454544,11,observed,22.17,82.0,144.0,0.415,Dat do vang / dat bazan cuc bo,3,low,11,Nong Nghiep Moi Truong
2020-11-01,2020-11-30,Lam Dong,Bao Loc,Robusta / ca phe nhan xo noi dia,33218,33218.181818181816,11,observed,21.0,86.633,90.9,0.43,Dat do vang tren bazan,4,low,11,Nong Nghiep Moi Truong
2020-11-01,2020-11-30,Lam Dong,Di Linh,Robusta / ca phe nhan xo noi dia,33209,33209.09090909091,11,observed,20.897,83.833,116.9,0.44,Dat do vang tren bazan,4,medium,11,Nong Nghiep Moi Truong
2020-11-01,2020-11-30,Lam Dong,Lam Ha,Robusta / ca phe nhan xo noi dia,33290,33290.0,10,observed,20.66,84.233,132.9,0.444,Dat do vang tren bazan,4,low,10,Nong Nghiep Moi Truong
2020-12-01,2020-12-31,Dak Lak,Buon Ho,Robusta / ca phe nhan xo noi dia,32677,32676.923076923078,13,observed,20.068,86.516,32.1,0.399,Dat do bazan,5,medium,13,Nong Nghiep Moi Truong
2020-12-01,2020-12-31,Dak Lak,Cu M'gar,Robusta / ca phe nhan xo noi dia,32677,,0,province_proxy,22.045,79.419,32.3,0.388,Dat do bazan,5,high,0,
2020-12-01,2020-12-31,Dak Lak,Ea H'leo,Robusta / ca phe nhan xo noi dia,32677,32676.923076923078,13,observed,20.645,82.097,26.9,0.387,Dat do bazan,5,medium,13,Nong Nghiep Moi Truong
2020-12-01,2020-12-31,Dak Nong,Dak R'lap,Robusta / ca phe nhan xo noi dia,33378,,0,interpolated_area,21.855,78.581,29.0,0.408,Dat do bazan,4,low,0,
2020-12-01,2020-12-31,Dak Nong,Gia Nghia,Robusta / ca phe nhan xo noi dia,33378,,0,interpolated_area,21.332,80.0,19.9,0.386,Dat do bazan,4,low,0,
2020-12-01,2020-12-31,Gia Lai,Chu Prong,Robusta / ca phe nhan xo noi dia,32731,,0,province_proxy,23.381,67.065,7.7,0.253,Dat do bazan,4,low,0,
2020-12-01,2020-12-31,Gia Lai,Ia Grai,Robusta / ca phe nhan xo noi dia,32731,32730.76923076923,13,observed,24.277,65.484,7.8,0.307,Dat do bazan,4,low,13,Nong Nghiep Moi Truong
2020-12-01,2020-12-31,Gia Lai,Pleiku,Robusta / ca phe nhan xo noi dia,32731,32730.76923076923,13,observed,20.813,73.516,7.6,0.312,Dat do bazan,4,low,13,Nong Nghiep Moi Truong
2020-12-01,2020-12-31,Kon Tum,Kon Tum,Robusta / ca phe nhan xo noi dia,32569,32569.23076923077,13,observed,21.381,74.032,2.3,0.316,Dat do vang / dat bazan cuc bo,3,low,13,Nong Nghiep Moi Truong
2020-12-01,2020-12-31,Lam Dong,Bao Loc,Robusta / ca phe nhan xo noi dia,32385,32384.615384615383,13,observed,19.968,86.419,58.2,0.429,Dat do vang tren bazan,4,low,13,Nong Nghiep Moi Truong
2020-12-01,2020-12-31,Lam Dong,Di Linh,Robusta / ca phe nhan xo noi dia,32385,32384.615384615383,13,observed,19.987,84.194,82.0,0.449,Dat do vang tren bazan,4,medium,13,Nong Nghiep Moi Truong
2020-12-01,2020-12-31,Lam Dong,Lam Ha,Robusta / ca phe nhan xo noi dia,32385,32384.615384615383,13,observed,20.119,82.742,59.5,0.45,Dat do vang tren bazan,4,low,13,Nong Nghiep Moi Truong
2021-01-01,2021-01-31,Dak Lak,Buon Ho,Robusta / ca phe nhan xo noi dia,32036,32036.363636363636,11,observed,18.358,83.516,3.1,0.258,Dat do bazan,5,medium,11,Nong Nghiep Moi Truong
2021-01-01,2021-01-31,Dak Lak,Cu M'gar,Robusta / ca phe nhan xo noi dia,32036,,0,province_proxy,20.639,74.548,0.8,0.258,Dat do bazan,5,high,0,
2021-01-01,2021-01-31,Dak Lak,Ea H'leo,Robusta / ca phe nhan xo noi dia,32036,32036.363636363636,11,observed,19.239,77.29,4.9,0.266,Dat do bazan,5,medium,11,Nong Nghiep Moi Truong
2021-01-01,2021-01-31,Dak Nong,Dak R'lap,Robusta / ca phe nhan xo noi dia,33857,,0,interpolated_area,20.797,73.097,10.5,0.334,Dat do bazan,4,low,0,
2021-01-01,2021-01-31,Dak Nong,Gia Nghia,Robusta / ca phe nhan xo noi dia,33857,,0,interpolated_area,20.29,74.129,4.9,0.273,Dat do bazan,4,low,0,
2021-01-01,2021-01-31,Gia Lai,Chu Prong,Robusta / ca phe nhan xo noi dia,32045,,0,province_proxy,22.019,62.581,0.1,0.188,Dat do bazan,4,low,0,
2021-01-01,2021-01-31,Gia Lai,Ia Grai,Robusta / ca phe nhan xo noi dia,32045,32045.454545454544,11,observed,23.019,60.613,0.0,0.262,Dat do bazan,4,low,11,Nong Nghiep Moi Truong
2021-01-01,2021-01-31,Gia Lai,Pleiku,Robusta / ca phe nhan xo noi dia,32045,32045.454545454544,11,observed,19.245,70.226,0.0,0.268,Dat do bazan,4,low,11,Nong Nghiep Moi Truong
2021-01-01,2021-01-31,Kon Tum,Kon Tum,Robusta / ca phe nhan xo noi dia,32000,32000.0,11,observed,19.871,69.548,0.8,0.247,Dat do vang / dat bazan cuc bo,3,low,11,Nong Nghiep Moi Truong
2021-01-01,2021-01-31,Lam Dong,Bao Loc,Robusta / ca phe nhan xo noi dia,31700,31700.0,11,observed,19.123,80.258,22.1,0.327,Dat do vang tren bazan,4,low,11,Nong Nghiep Moi Truong
2021-01-01,2021-01-31,Lam Dong,Di Linh,Robusta / ca phe nhan xo noi dia,31700,31700.0,11,observed,19.306,76.871,50.6,0.337,Dat do vang tren bazan,4,medium,11,Nong Nghiep Moi Truong
2021-01-01,2021-01-31,Lam Dong,Lam Ha,Robusta / ca phe nhan xo noi dia,31700,31700.0,11,observed,19.11,77.194,19.1,0.344,Dat do vang tren bazan,4,low,11,Nong Nghiep Moi Truong
2021-02-01,2021-02-28,Dak Lak,Buon Ho,Robusta / ca phe nhan xo noi dia,31667,31666.666666666668,9,observed,20.079,76.929,0.2,0.175,Dat do bazan,5,medium,9,Nong Nghiep Moi Truong
2021-02-01,2021-02-28,Dak Lak,Cu M'gar,Robusta / ca phe nhan xo noi dia,31667,,0,province_proxy,22.532,67.536,1.2,0.216,Dat do bazan,5,high,0,
2021-02-01,2021-02-28,Dak Lak,Ea H'leo,Robusta / ca phe nhan xo noi dia,31667,31666.666666666668,9,observed,21.282,68.107,0.8,0.212,Dat do bazan,5,medium,9,Nong Nghiep Moi Truong
2021-02-01,2021-02-28,Dak Nong,Dak R'lap,Robusta / ca phe nhan xo noi dia,34335,,0,interpolated_area,22.029,70.536,11.0,0.331,Dat do bazan,4,low,0,
2021-02-01,2021-02-28,Dak Nong,Gia Nghia,Robusta / ca phe nhan xo noi dia,34335,,0,interpolated_area,21.807,69.107,9.0,0.244,Dat do bazan,4,low,0,
2021-02-01,2021-02-28,Gia Lai,Chu Prong,Robusta / ca phe nhan xo noi dia,31600,,0,province_proxy,23.368,60.0,1.8,0.195,Dat do bazan,4,low,0,
2021-02-01,2021-02-28,Gia Lai,Ia Grai,Robusta / ca phe nhan xo noi dia,31600,31600.0,8,observed,24.479,57.929,1.1,0.25,Dat do bazan,4,low,8,Nong Nghiep Moi Truong
2021-02-01,2021-02-28,Gia Lai,Pleiku,Robusta / ca phe nhan xo noi dia,31600,31600.0,8,observed,20.754,66.536,11.2,0.278,Dat do bazan,4,low,8,Nong Nghiep Moi Truong
2021-02-01,2021-02-28,Kon Tum,Kon Tum,Robusta / ca phe nhan xo noi dia,31550,31550.0,8,observed,21.55,65.214,0.7,0.234,Dat do vang / dat bazan cuc bo,3,low,8,Nong Nghiep Moi Truong
2021-02-01,2021-02-28,Lam Dong,Bao Loc,Robusta / ca phe nhan xo noi dia,31167,31166.666666666668,9,observed,20.564,74.857,14.2,0.286,Dat do vang tren bazan,4,low,9,Nong Nghiep Moi Truong
2021-02-01,2021-02-28,Lam Dong,Di Linh,Robusta / ca phe nhan xo noi dia,31167,31166.666666666668,9,observed,20.357,71.5,17.1,0.287,Dat do vang tren bazan,4,medium,9,Nong Nghiep Moi Truong
2021-02-01,2021-02-28,Lam Dong,Lam Ha,Robusta / ca phe nhan xo noi dia,31167,31166.666666666668,9,observed,19.932,71.286,15.0,0.291,Dat do vang tren bazan,4,low,9,Nong Nghiep Moi Truong
2021-03-01,2021-03-31,Dak Lak,Buon Ho,Robusta / ca phe nhan xo noi dia,32620,32620.0,10,observed,23.439,74.452,2.8,0.173,Dat do bazan,5,medium,10,Nong Nghiep Moi Truong
2021-03-01,2021-03-31,Dak Lak,Cu M'gar,Robusta / ca phe nhan xo noi dia,32620,,0,province_proxy,25.877,65.129,2.8,0.218,Dat do bazan,5,high,0,
2021-03-01,2021-03-31,Dak Lak,Ea H'leo,Robusta / ca phe nhan xo noi dia,32620,32620.0,10,observed,24.619,66.452,4.3,0.217,Dat do bazan,5,medium,10,Nong Nghiep Moi Truong
2021-03-01,2021-03-31,Dak Nong,Dak R'lap,Robusta / ca phe nhan xo noi dia,34813,,0,interpolated_area,24.4,69.613,14.6,0.323,Dat do bazan,4,low,0,
2021-03-01,2021-03-31,Dak Nong,Gia Nghia,Robusta / ca phe nhan xo noi dia,34813,,0,interpolated_area,24.3,67.774,16.5,0.246,Dat do bazan,4,low,0,
2021-03-01,2021-03-31,Gia Lai,Chu Prong,Robusta / ca phe nhan xo noi dia,32590,,0,province_proxy,26.823,57.484,3.5,0.2,Dat do bazan,4,low,0,
2021-03-01,2021-03-31,Gia Lai,Ia Grai,Robusta / ca phe nhan xo noi dia,32590,32590.0,10,observed,27.774,55.613,8.1,0.257,Dat do bazan,4,low,10,Nong Nghiep Moi Truong
2021-03-01,2021-03-31,Gia Lai,Pleiku,Robusta / ca phe nhan xo noi dia,32590,32590.0,10,observed,24.229,63.677,3.7,0.256,Dat do bazan,4,low,10,Nong Nghiep Moi Truong
2021-03-01,2021-03-31,Kon Tum,Kon Tum,Robusta / ca phe nhan xo noi dia,32560,32560.0,10,observed,25.023,63.839,2.3,0.215,Dat do vang / dat bazan cuc bo,3,low,10,Nong Nghiep Moi Truong
2021-03-01,2021-03-31,Lam Dong,Bao Loc,Robusta / ca phe nhan xo noi dia,31890,31890.0,10,observed,22.784,70.355,36.9,0.287,Dat do vang tren bazan,4,low,10,Nong Nghiep Moi Truong
2021-03-01,2021-03-31,Lam Dong,Di Linh,Robusta / ca phe nhan xo noi dia,31890,31890.0,10,observed,22.732,66.0,27.7,0.25,Dat do vang tren bazan,4,medium,10,Nong Nghiep Moi Truong
2021-03-01,2021-03-31,Lam Dong,Lam Ha,Robusta / ca phe nhan xo noi dia,31890,31890.0,10,observed,22.497,66.903,18.7,0.29,Dat do vang tren bazan,4,low,10,Nong Nghiep Moi Truong
2021-04-01,2021-04-30,Dak Lak,Buon Ho,Robusta / ca phe nhan xo noi dia,32477,32476.923076923078,13,observed,24.333,78.033,111.5,0.266,Dat do bazan,5,medium,13,Nong Nghiep Moi Truong
2021-04-01,2021-04-30,Dak Lak,Cu M'gar,Robusta / ca phe nhan xo noi dia,32477,,0,province_proxy,26.57,70.167,68.6,0.292,Dat do bazan,5,high,0,
2021-04-01,2021-04-30,Dak Lak,Ea H'leo,Robusta / ca phe nhan xo noi dia,32477,32476.923076923078,13,observed,25.293,73.2,167.4,0.297,Dat do bazan,5,medium,13,Nong Nghiep Moi Truong
2021-04-01,2021-04-30,Dak Nong,Dak R'lap,Robusta / ca phe nhan xo noi dia,35291,,0,interpolated_area,24.057,84.5,152.0,0.415,Dat do bazan,4,low,0,
2021-04-01,2021-04-30,Dak Nong,Gia Nghia,Robusta / ca phe nhan xo noi dia,35291,,0,interpolated_area,24.01,82.6,129.7,0.376,Dat do bazan,4,low,0,
2021-04-01,2021-04-30,Gia Lai,Chu Prong,Robusta / ca phe nhan xo noi dia,32454,,0,province_proxy,26.927,67.333,88.6,0.287,Dat do bazan,4,low,0,
2021-04-01,2021-04-30,Gia Lai,Ia Grai,Robusta / ca phe nhan xo noi dia,32454,32453.846153846152,13,observed,27.673,66.933,91.0,0.341,Dat do bazan,4,low,13,Nong Nghiep Moi Truong
2021-04-01,2021-04-30,Gia Lai,Pleiku,Robusta / ca phe nhan xo noi dia,32454,32453.846153846152,13,observed,24.56,72.233,109.9,0.331,Dat do bazan,4,low,13,Nong Nghiep Moi Truong
2021-04-01,2021-04-30,Kon Tum,Kon Tum,Robusta / ca phe nhan xo noi dia,32385,32384.615384615383,13,observed,25.623,71.233,76.5,0.315,Dat do vang / dat bazan cuc bo,3,low,13,Nong Nghiep Moi Truong
2021-04-01,2021-04-30,Lam Dong,Bao Loc,Robusta / ca phe nhan xo noi dia,31708,31707.69230769231,13,observed,22.84,81.967,105.7,0.365,Dat do vang tren bazan,4,low,13,Nong Nghiep Moi Truong
2021-04-01,2021-04-30,Lam Dong,Di Linh,Robusta / ca phe nhan xo noi dia,31708,31707.69230769231,13,observed,22.147,82.233,208.1,0.402,Dat do vang tren bazan,4,medium,13,Nong Nghiep Moi Truong
2021-04-01,2021-04-30,Lam Dong,Lam Ha,Robusta / ca phe nhan xo noi dia,31708,31707.69230769231,13,observed,22.697,79.067,105.3,0.362,Dat do vang tren bazan,4,low,13,Nong Nghiep Moi Truong
2021-05-01,2021-05-31,Dak Lak,Buon Ho,Robusta / ca phe nhan xo noi dia,32886,32885.71428571428,7,observed,24.877,83.129,112.0,0.355,Dat do bazan,5,medium,7,Nong Nghiep Moi Truong
2021-05-01,2021-05-31,Dak Lak,Cu M'gar,Robusta / ca phe nhan xo noi dia,32886,,0,province_proxy,26.735,77.839,180.3,0.364,Dat do bazan,5,high,0,
2021-05-01,2021-05-31,Dak Lak,Ea H'leo,Robusta / ca phe nhan xo noi dia,32886,32885.71428571428,7,observed,25.687,79.581,173.8,0.354,Dat do bazan,5,medium,7,Nong Nghiep Moi Truong
2021-05-01,2021-05-31,Dak Nong,Dak R'lap,Robusta / ca phe nhan xo noi dia,35770,,0,interpolated_area,24.377,87.935,268.8,0.461,Dat do bazan,4,low,0,
2021-05-01,2021-05-31,Dak Nong,Gia Nghia,Robusta / ca phe nhan xo noi dia,35770,,0,interpolated_area,24.371,86.355,261.4,0.431,Dat do bazan,4,low,0,
2021-05-01,2021-05-31,Gia Lai,Chu Prong,Robusta / ca phe nhan xo noi dia,32786,,0,province_proxy,26.906,76.323,272.9,0.369,Dat do bazan,4,low,0,
2021-05-01,2021-05-31,Gia Lai,Ia Grai,Robusta / ca phe nhan xo noi dia,32786,32785.71428571428,7,observed,27.632,76.097,483.9,0.4,Dat do bazan,4,low,7,Nong Nghiep Moi Truong
2021-05-01,2021-05-31,Gia Lai,Pleiku,Robusta / ca phe nhan xo noi dia,32786,32785.71428571428,7,observed,24.971,78.645,228.8,0.373,Dat do bazan,4,low,7,Nong Nghiep Moi Truong
2021-05-01,2021-05-31,Kon Tum,Kon Tum,Robusta / ca phe nhan xo noi dia,32786,32785.71428571428,7,observed,26.245,76.774,188.9,0.357,Dat do vang / dat bazan cuc bo,3,low,7,Nong Nghiep Moi Truong
2021-05-01,2021-05-31,Lam Dong,Bao Loc,Robusta / ca phe nhan xo noi dia,32029,32028.571428571428,7,observed,23.426,84.774,155.9,0.395,Dat do vang tren bazan,4,low,7,Nong Nghiep Moi Truong
2021-05-01,2021-05-31,Lam Dong,Di Linh,Robusta / ca phe nhan xo noi dia,32029,32028.571428571428,7,observed,22.565,87.258,212.3,0.437,Dat do vang tren bazan,4,medium,7,Nong Nghiep Moi Truong
2021-05-01,2021-05-31,Lam Dong,Lam Ha,Robusta / ca phe nhan xo noi dia,32029,32028.571428571428,7,observed,23.29,82.677,195.8,0.385,Dat do vang tren bazan,4,low,7,Nong Nghiep Moi Truong
2021-06-01,2021-06-30,Dak Lak,Buon Ho,Robusta / ca phe nhan xo noi dia,34111,34111.11111111111,9,observed,24.317,85.167,101.1,0.391,Dat do bazan,5,medium,9,Nong Nghiep Moi Truong
2021-06-01,2021-06-30,Dak Lak,Cu M'gar,Robusta / ca phe nhan xo noi dia,34111,,0,province_proxy,25.607,83.0,166.8,0.418,Dat do bazan,5,high,0,
2021-06-01,2021-06-30,Dak Lak,Ea H'leo,Robusta / ca phe nhan xo noi dia,34111,34111.11111111111,9,observed,24.613,85.667,115.0,0.453,Dat do bazan,5,medium,9,Nong Nghiep Moi Truong
2021-06-01,2021-06-30,Dak Nong,Dak R'lap,Robusta / ca phe nhan xo noi dia,36248,,0,interpolated_area,23.757,92.4,243.4,0.492,Dat do bazan,4,low,0,
2021-06-01,2021-06-30,Dak Nong,Gia Nghia,Robusta / ca phe nhan xo noi dia,36248,,0,interpolated_area,23.69,90.467,181.3,0.481,Dat do bazan,4,low,0,
2021-06-01,2021-06-30,Gia Lai,Chu Prong,Robusta / ca phe nhan xo noi dia,34111,,0,province_proxy,24.97,89.833,320.3,0.49,Dat do bazan,4,low,0,
2021-06-01,2021-06-30,Gia Lai,Ia Grai,Robusta / ca phe nhan xo noi dia,34111,34111.11111111111,9,observed,25.61,89.6,393.1,0.497,Dat do bazan,4,low,9,Nong Nghiep Moi Truong
2021-06-01,2021-06-30,Gia Lai,Pleiku,Robusta / ca phe nhan xo noi dia,34111,34111.11111111111,9,observed,23.233,92.0,233.2,0.477,Dat do bazan,4,low,9,Nong Nghiep Moi Truong
2021-06-01,2021-06-30,Kon Tum,Kon Tum,Robusta / ca phe nhan xo noi dia,34133,34133.333333333336,9,observed,24.53,88.967,219.1,0.472,Dat do vang / dat bazan cuc bo,3,low,9,Nong Nghiep Moi Truong
2021-06-01,2021-06-30,Lam Dong,Bao Loc,Robusta / ca phe nhan xo noi dia,33300,33300.0,9,observed,22.69,90.4,138.8,0.445,Dat do vang tren bazan,4,low,9,Nong Nghiep Moi Truong
2021-06-01,2021-06-30,Lam Dong,Di Linh,Robusta / ca phe nhan xo noi dia,33300,33300.0,9,observed,21.873,91.9,167.8,0.474,Dat do vang tren bazan,4,medium,9,Nong Nghiep Moi Truong
2021-06-01,2021-06-30,Lam Dong,Lam Ha,Robusta / ca phe nhan xo noi dia,33300,33300.0,9,observed,22.887,85.1,133.4,0.403,Dat do vang tren bazan,4,low,9,Nong Nghiep Moi Truong
2021-07-01,2021-07-31,Dak Lak,Buon Ho,Robusta / ca phe nhan xo noi dia,36157,36157.142857142855,7,observed,23.787,86.129,206.8,0.438,Dat do bazan,5,medium,7,Nong Nghiep Moi Truong
2021-07-01,2021-07-31,Dak Lak,Cu M'gar,Robusta / ca phe nhan xo noi dia,36157,,0,province_proxy,25.165,83.613,202.4,0.456,Dat do bazan,5,high,0,
2021-07-01,2021-07-31,Dak Lak,Ea H'leo,Robusta / ca phe nhan xo noi dia,36157,36157.142857142855,7,observed,24.158,86.065,235.4,0.473,Dat do bazan,5,medium,7,Nong Nghiep Moi Truong
2021-07-01,2021-07-31,Dak Nong,Dak R'lap,Robusta / ca phe nhan xo noi dia,36726,,0,interpolated_area,23.277,92.806,504.9,0.499,Dat do bazan,4,low,0,
2021-07-01,2021-07-31,Dak Nong,Gia Nghia,Robusta / ca phe nhan xo noi dia,36726,,0,interpolated_area,23.194,91.323,354.7,0.494,Dat do bazan,4,low,0,
2021-07-01,2021-07-31,Gia Lai,Chu Prong,Robusta / ca phe nhan xo noi dia,36086,,0,province_proxy,24.516,89.484,512.7,0.492,Dat do bazan,4,low,0,
2021-07-01,2021-07-31,Gia Lai,Ia Grai,Robusta / ca phe nhan xo noi dia,36086,36085.71428571428,7,observed,25.106,90.097,559.0,0.497,Dat do bazan,4,low,7,Nong Nghiep Moi Truong
2021-07-01,2021-07-31,Gia Lai,Pleiku,Robusta / ca phe nhan xo noi dia,36086,36085.71428571428,7,observed,22.732,91.516,452.4,0.492,Dat do bazan,4,low,7,Nong Nghiep Moi Truong
2021-07-01,2021-07-31,Kon Tum,Kon Tum,Robusta / ca phe nhan xo noi dia,36157,36157.142857142855,7,observed,24.058,88.871,369.7,0.485,Dat do vang / dat bazan cuc bo,3,low,7,Nong Nghiep Moi Truong
2021-07-01,2021-07-31,Lam Dong,Bao Loc,Robusta / ca phe nhan xo noi dia,35357,35357.142857142855,7,observed,22.229,91.29,269.4,0.471,Dat do vang tren bazan,4,low,7,Nong Nghiep Moi Truong
2021-07-01,2021-07-31,Lam Dong,Di Linh,Robusta / ca phe nhan xo noi dia,35357,35357.142857142855,7,observed,21.49,92.452,249.6,0.493,Dat do vang tren bazan,4,medium,7,Nong Nghiep Moi Truong
2021-07-01,2021-07-31,Lam Dong,Lam Ha,Robusta / ca phe nhan xo noi dia,35357,35357.142857142855,7,observed,22.471,85.903,153.1,0.441,Dat do vang tren bazan,4,low,7,Nong Nghiep Moi Truong
2021-08-01,2021-08-31,Dak Lak,Buon Ho,Robusta / ca phe nhan xo noi dia,37488,37487.5,8,observed,23.906,86.161,166.2,0.469,Dat do bazan,5,medium,8,Nong Nghiep Moi Truong
2021-08-01,2021-08-31,Dak Lak,Cu M'gar,Robusta / ca phe nhan xo noi dia,37488,,0,province_proxy,25.319,83.452,193.5,0.46,Dat do bazan,5,high,0,
2021-08-01,2021-08-31,Dak Lak,Ea H'leo,Robusta / ca phe nhan xo noi dia,37488,37487.5,8,observed,24.361,85.323,199.6,0.48,Dat do bazan,5,medium,8,Nong Nghiep Moi Truong
2021-08-01,2021-08-31,Dak Nong,Dak R'lap,Robusta / ca phe nhan xo noi dia,37205,,0,interpolated_area,23.387,91.935,333.6,0.501,Dat do bazan,4,low,0,
2021-08-01,2021-08-31,Dak Nong,Gia Nghia,Robusta / ca phe nhan xo noi dia,37205,,0,interpolated_area,23.339,90.097,297.1,0.497,Dat do bazan,4,low,0,
2021-08-01,2021-08-31,Gia Lai,Chu Prong,Robusta / ca phe nhan xo noi dia,37388,,0,province_proxy,24.871,87.774,301.2,0.492,Dat do bazan,4,low,0,
2021-08-01,2021-08-31,Gia Lai,Ia Grai,Robusta / ca phe nhan xo noi dia,37388,37387.5,8,observed,25.439,88.29,356.9,0.497,Dat do bazan,4,low,8,Nong Nghiep Moi Truong
2021-08-01,2021-08-31,Gia Lai,Pleiku,Robusta / ca phe nhan xo noi dia,37388,37387.5,8,observed,23.113,89.613,220.4,0.489,Dat do bazan,4,low,8,Nong Nghiep Moi Truong
2021-08-01,2021-08-31,Kon Tum,Kon Tum,Robusta / ca phe nhan xo noi dia,37388,37387.5,8,observed,24.306,87.871,201.0,0.489,Dat do vang / dat bazan cuc bo,3,low,8,Nong Nghiep Moi Truong
2021-08-01,2021-08-31,Lam Dong,Bao Loc,Robusta / ca phe nhan xo noi dia,36688,36687.5,8,observed,22.31,90.935,213.5,0.49,Dat do vang tren bazan,4,low,8,Nong Nghiep Moi Truong
2021-08-01,2021-08-31,Lam Dong,Di Linh,Robusta / ca phe nhan xo noi dia,36688,36687.5,8,observed,21.668,90.903,329.6,0.497,Dat do vang tren bazan,4,medium,8,Nong Nghiep Moi Truong
2021-08-01,2021-08-31,Lam Dong,Lam Ha,Robusta / ca phe nhan xo noi dia,36688,36687.5,8,observed,22.497,86.226,236.6,0.448,Dat do vang tren bazan,4,low,8,Nong Nghiep Moi Truong
2021-09-01,2021-09-30,Dak Lak,Buon Ho,Robusta / ca phe nhan xo noi dia,39833,39833.333333333336,6,observed,22.97,90.1,399.0,0.492,Dat do bazan,5,medium,6,Nong Nghiep Moi Truong
2021-09-01,2021-09-30,Dak Lak,Cu M'gar,Robusta / ca phe nhan xo noi dia,39833,,0,province_proxy,24.38,87.2,499.0,0.491,Dat do bazan,5,high,0,
2021-09-01,2021-09-30,Dak Lak,Ea H'leo,Robusta / ca phe nhan xo noi dia,39833,39833.333333333336,6,observed,23.523,87.967,547.1,0.492,Dat do bazan,5,medium,6,Nong Nghiep Moi Truong
2021-09-01,2021-09-30,Dak Nong,Dak R'lap,Robusta / ca phe nhan xo noi dia,37683,,0,interpolated_area,22.797,93.267,395.1,0.502,Dat do bazan,4,low,0,
2021-09-01,2021-09-30,Dak Nong,Gia Nghia,Robusta / ca phe nhan xo noi dia,37683,,0,interpolated_area,22.73,91.767,374.1,0.499,Dat do bazan,4,low,0,
2021-09-01,2021-09-30,Gia Lai,Chu Prong,Robusta / ca phe nhan xo noi dia,39733,,0,province_proxy,24.3,88.533,556.4,0.489,Dat do bazan,4,low,0,
2021-09-01,2021-09-30,Gia Lai,Ia Grai,Robusta / ca phe nhan xo noi dia,39733,39733.333333333336,6,observed,24.967,88.767,582.6,0.494,Dat do bazan,4,low,6,Nong Nghiep Moi Truong
2021-09-01,2021-09-30,Gia Lai,Pleiku,Robusta / ca phe nhan xo noi dia,39733,39733.333333333336,6,observed,22.63,90.433,494.6,0.494,Dat do bazan,4,low,6,Nong Nghiep Moi Truong
2021-09-01,2021-09-30,Kon Tum,Kon Tum,Robusta / ca phe nhan xo noi dia,39733,39733.333333333336,6,observed,23.61,89.367,520.8,0.486,Dat do vang / dat bazan cuc bo,3,low,6,Nong Nghiep Moi Truong
2021-09-01,2021-09-30,Lam Dong,Bao Loc,Robusta / ca phe nhan xo noi dia,39033,39033.333333333336,6,observed,21.857,91.733,383.2,0.499,Dat do vang tren bazan,4,low,6,Nong Nghiep Moi Truong
2021-09-01,2021-09-30,Lam Dong,Di Linh,Robusta / ca phe nhan xo noi dia,39033,39033.333333333336,6,observed,21.297,91.967,373.2,0.5,Dat do vang tren bazan,4,medium,6,Nong Nghiep Moi Truong
2021-09-01,2021-09-30,Lam Dong,Lam Ha,Robusta / ca phe nhan xo noi dia,39033,39033.333333333336,6,observed,21.763,89.0,359.7,0.493,Dat do vang tren bazan,4,low,6,Nong Nghiep Moi Truong
2021-10-01,2021-10-31,Dak Lak,Buon Ho,Robusta / ca phe nhan xo noi dia,40300,40300.0,10,observed,22.503,91.355,273.6,0.478,Dat do bazan,5,medium,10,Nong Nghiep Moi Truong
2021-10-01,2021-10-31,Dak Lak,Cu M'gar,Robusta / ca phe nhan xo noi dia,40300,,0,province_proxy,24.016,87.742,325.9,0.484,Dat do bazan,5,high,0,
2021-10-01,2021-10-31,Dak Lak,Ea H'leo,Robusta / ca phe nhan xo noi dia,40300,40300.0,10,observed,23.019,89.387,316.2,0.486,Dat do bazan,5,medium,10,Nong Nghiep Moi Truong
2021-10-01,2021-10-31,Dak Nong,Dak R'lap,Robusta / ca phe nhan xo noi dia,38161,,0,interpolated_area,22.603,92.548,418.1,0.498,Dat do bazan,4,low,0,
2021-10-01,2021-10-31,Dak Nong,Gia Nghia,Robusta / ca phe nhan xo noi dia,38161,,0,interpolated_area,22.484,91.452,393.4,0.494,Dat do bazan,4,low,0,
2021-10-01,2021-10-31,Gia Lai,Chu Prong,Robusta / ca phe nhan xo noi dia,40260,,0,province_proxy,23.987,87.903,375.2,0.486,Dat do bazan,4,low,0,
2021-10-01,2021-10-31,Gia Lai,Ia Grai,Robusta / ca phe nhan xo noi dia,40260,40260.0,10,observed,24.658,88.0,426.9,0.49,Dat do bazan,4,low,10,Nong Nghiep Moi Truong
2021-10-01,2021-10-31,Gia Lai,Pleiku,Robusta / ca phe nhan xo noi dia,40260,40260.0,10,observed,22.255,89.677,397.9,0.489,Dat do bazan,4,low,10,Nong Nghiep Moi Truong
2021-10-01,2021-10-31,Kon Tum,Kon Tum,Robusta / ca phe nhan xo noi dia,40330,40330.0,10,observed,23.332,87.806,425.0,0.477,Dat do vang / dat bazan cuc bo,3,low,10,Nong Nghiep Moi Truong
2021-10-01,2021-10-31,Lam Dong,Bao Loc,Robusta / ca phe nhan xo noi dia,39550,39550.0,10,observed,21.542,91.677,317.3,0.497,Dat do vang tren bazan,4,low,10,Nong Nghiep Moi Truong
2021-10-01,2021-10-31,Lam Dong,Di Linh,Robusta / ca phe nhan xo noi dia,39550,39550.0,10,observed,21.097,91.839,407.5,0.499,Dat do vang tren bazan,4,medium,10,Nong Nghiep Moi Truong
2021-10-01,2021-10-31,Lam Dong,Lam Ha,Robusta / ca phe nhan xo noi dia,39550,39550.0,10,observed,21.49,89.0,346.3,0.493,Dat do vang tren bazan,4,low,10,Nong Nghiep Moi Truong
2021-11-01,2021-11-30,Dak Lak,Buon Ho,Robusta / ca phe nhan xo noi dia,41145,41145.454545454544,11,observed,21.633,91.267,149.5,0.457,Dat do bazan,5,medium,11,Nong Nghiep Moi Truong
2021-11-01,2021-11-30,Dak Lak,Cu M'gar,Robusta / ca phe nhan xo noi dia,41145,,0,province_proxy,23.62,84.033,151.9,0.43,Dat do bazan,5,high,0,
2021-11-01,2021-11-30,Dak Lak,Ea H'leo,Robusta / ca phe nhan xo noi dia,41145,41145.454545454544,11,observed,22.167,88.367,133.4,0.456,Dat do bazan,5,medium,11,Nong Nghiep Moi Truong
2021-11-01,2021-11-30,Dak Nong,Dak R'lap,Robusta / ca phe nhan xo noi dia,38639,,0,interpolated_area,22.707,87.367,174.9,0.47,Dat do bazan,4,low,0,
2021-11-01,2021-11-30,Dak Nong,Gia Nghia,Robusta / ca phe nhan xo noi dia,38639,,0,interpolated_area,22.443,87.3,195.5,0.465,Dat do bazan,4,low,0,
2021-11-01,2021-11-30,Gia Lai,Chu Prong,Robusta / ca phe nhan xo noi dia,41100,,0,province_proxy,24.58,74.467,62.9,0.329,Dat do bazan,4,low,0,
2021-11-01,2021-11-30,Gia Lai,Ia Grai,Robusta / ca phe nhan xo noi dia,41100,41100.0,11,observed,25.353,73.033,50.3,0.371,Dat do bazan,4,low,11,Nong Nghiep Moi Truong
2021-11-01,2021-11-30,Gia Lai,Pleiku,Robusta / ca phe nhan xo noi dia,41100,41100.0,11,observed,22.127,80.667,53.0,0.374,Dat do bazan,4,low,11,Nong Nghiep Moi Truong
2021-11-01,2021-11-30,Kon Tum,Kon Tum,Robusta / ca phe nhan xo noi dia,41109,41109.09090909091,11,observed,23.06,79.1,88.9,0.378,Dat do vang / dat bazan cuc bo,3,low,11,Nong Nghiep Moi Truong
2021-11-01,2021-11-30,Lam Dong,Bao Loc,Robusta / ca phe nhan xo noi dia,40345,40345.454545454544,11,observed,21.403,89.033,231.6,0.48,Dat do vang tren bazan,4,low,11,Nong Nghiep Moi Truong
2021-11-01,2021-11-30,Lam Dong,Di Linh,Robusta / ca phe nhan xo noi dia,40345,40345.454545454544,11,observed,21.267,86.6,226.3,0.477,Dat do vang tren bazan,4,medium,11,Nong Nghiep Moi Truong
2021-11-01,2021-11-30,Lam Dong,Lam Ha,Robusta / ca phe nhan xo noi dia,40345,40345.454545454544,11,observed,21.403,85.467,296.2,0.478,Dat do vang tren bazan,4,low,11,Nong Nghiep Moi Truong
2021-12-01,2021-12-31,Dak Lak,Buon Ho,Robusta / ca phe nhan xo noi dia,41491,41490.90909090909,11,observed,19.742,85.774,29.4,0.388,Dat do bazan,5,medium,11,Nong Nghiep Moi Truong
2021-12-01,2021-12-31,Dak Lak,Cu M'gar,Robusta / ca phe nhan xo noi dia,41491,,0,province_proxy,21.81,78.129,17.0,0.351,Dat do bazan,5,high,0,
2021-12-01,2021-12-31,Dak Lak,Ea H'leo,Robusta / ca phe nhan xo noi dia,41491,41490.90909090909,11,observed,20.332,82.581,44.3,0.412,Dat do bazan,5,medium,11,Nong Nghiep Moi Truong
2021-12-01,2021-12-31,Dak Nong,Dak R'lap,Robusta / ca phe nhan xo noi dia,39118,,0,interpolated_area,21.755,76.194,18.9,0.377,Dat do bazan,4,low,0,
2021-12-01,2021-12-31,Dak Nong,Gia Nghia,Robusta / ca phe nhan xo noi dia,39118,,0,interpolated_area,21.339,77.581,26.6,0.355,Dat do bazan,4,low,0,
2021-12-01,2021-12-31,Gia Lai,Chu Prong,Robusta / ca phe nhan xo noi dia,41391,,0,province_proxy,22.423,70.29,20.7,0.317,Dat do bazan,4,low,0,
2021-12-01,2021-12-31,Gia Lai,Ia Grai,Robusta / ca phe nhan xo noi dia,41391,41390.90909090909,11,observed,23.558,66.935,31.4,0.334,Dat do bazan,4,low,11,Nong Nghiep Moi Truong
2021-12-01,2021-12-31,Gia Lai,Pleiku,Robusta / ca phe nhan xo noi dia,41391,41390.90909090909,11,observed,20.061,75.968,21.4,0.352,Dat do bazan,4,low,11,Nong Nghiep Moi Truong
2021-12-01,2021-12-31,Kon Tum,Kon Tum,Robusta / ca phe nhan xo noi dia,41455,41454.545454545456,11,observed,20.832,75.774,25.5,0.364,Dat do vang / dat bazan cuc bo,3,low,11,Nong Nghiep Moi Truong
2021-12-01,2021-12-31,Lam Dong,Bao Loc,Robusta / ca phe nhan xo noi dia,40791,40790.90909090909,11,observed,19.916,83.484,24.1,0.369,Dat do vang tren bazan,4,low,11,Nong Nghiep Moi Truong
2021-12-01,2021-12-31,Lam Dong,Di Linh,Robusta / ca phe nhan xo noi dia,40791,40790.90909090909,11,observed,19.781,81.323,19.0,0.371,Dat do vang tren bazan,4,medium,11,Nong Nghiep Moi Truong
2021-12-01,2021-12-31,Lam Dong,Lam Ha,Robusta / ca phe nhan xo noi dia,40791,40790.90909090909,11,observed,20.045,79.548,12.6,0.347,Dat do vang tren bazan,4,low,11,Nong Nghiep Moi Truong
2022-01-01,2022-01-31,Dak Lak,Buon Ho,Robusta / ca phe nhan xo noi dia,40045,40045.454545454544,11,observed,20.4,83.226,9.8,0.242,Dat do bazan,5,medium,11,Nong Nghiep Moi Truong
2022-01-01,2022-01-31,Dak Lak,Cu M'gar,Robusta / ca phe nhan xo noi dia,40045,,0,province_proxy,22.861,72.935,3.5,0.227,Dat do bazan,5,high,0,
2022-01-01,2022-01-31,Dak Lak,Ea H'leo,Robusta / ca phe nhan xo noi dia,40045,40045.454545454544,11,observed,21.097,78.968,9.9,0.311,Dat do bazan,5,medium,11,Nong Nghiep Moi Truong
2022-01-01,2022-01-31,Dak Nong,Dak R'lap,Robusta / ca phe nhan xo noi dia,39596,,0,interpolated_area,22.306,71.484,8.9,0.325,Dat do bazan,4,low,0,
2022-01-01,2022-01-31,Dak Nong,Gia Nghia,Robusta / ca phe nhan xo noi dia,39596,,0,interpolated_area,21.903,72.258,8.2,0.266,Dat do bazan,4,low,0,
2022-01-01,2022-01-31,Gia Lai,Chu Prong,Robusta / ca phe nhan xo noi dia,40009,,0,province_proxy,23.755,64.387,8.4,0.205,Dat do bazan,4,low,0,
2022-01-01,2022-01-31,Gia Lai,Ia Grai,Robusta / ca phe nhan xo noi dia,40009,40009.09090909091,11,observed,24.777,61.839,7.8,0.274,Dat do bazan,4,low,11,Nong Nghiep Moi Truong
2022-01-01,2022-01-31,Gia Lai,Pleiku,Robusta / ca phe nhan xo noi dia,40009,40009.09090909091,11,observed,20.9,72.484,9.5,0.28,Dat do bazan,4,low,11,Nong Nghiep Moi Truong
2022-01-01,2022-01-31,Kon Tum,Kon Tum,Robusta / ca phe nhan xo noi dia,40009,40009.09090909091,11,observed,21.823,70.935,3.4,0.262,Dat do vang / dat bazan cuc bo,3,low,11,Nong Nghiep Moi Truong
2022-01-01,2022-01-31,Lam Dong,Bao Loc,Robusta / ca phe nhan xo noi dia,39364,39363.63636363636,11,observed,20.416,77.129,26.0,0.292,Dat do vang tren bazan,4,low,11,Nong Nghiep Moi Truong
2022-01-01,2022-01-31,Lam Dong,Di Linh,Robusta / ca phe nhan xo noi dia,39364,39363.63636363636,11,observed,20.261,74.129,29.0,0.297,Dat do vang tren bazan,4,medium,11,Nong Nghiep Moi Truong
2022-01-01,2022-01-31,Lam Dong,Lam Ha,Robusta / ca phe nhan xo noi dia,39364,39363.63636363636,11,observed,19.877,75.065,19.4,0.308,Dat do vang tren bazan,4,low,11,Nong Nghiep Moi Truong
2022-02-01,2022-02-28,Dak Lak,Buon Ho,Robusta / ca phe nhan xo noi dia,41060,41060.0,10,observed,21.1,83.036,10.0,0.209,Dat do bazan,5,medium,10,Nong Nghiep Moi Truong
2022-02-01,2022-02-28,Dak Lak,Cu M'gar,Robusta / ca phe nhan xo noi dia,41060,,0,province_proxy,23.671,72.714,10.6,0.232,Dat do bazan,5,high,0,
2022-02-01,2022-02-28,Dak Lak,Ea H'leo,Robusta / ca phe nhan xo noi dia,41060,41060.0,10,observed,21.854,79.179,22.3,0.288,Dat do bazan,5,medium,10,Nong Nghiep Moi Truong
2022-02-01,2022-02-28,Dak Nong,Dak R'lap,Robusta / ca phe nhan xo noi dia,40074,,0,interpolated_area,23.111,76.679,47.6,0.368,Dat do bazan,4,low,0,
2022-02-01,2022-02-28,Dak Nong,Gia Nghia,Robusta / ca phe nhan xo noi dia,40074,,0,interpolated_area,22.757,76.714,47.5,0.308,Dat do bazan,4,low,0,
2022-02-01,2022-02-28,Gia Lai,Chu Prong,Robusta / ca phe nhan xo noi dia,40960,,0,province_proxy,24.736,64.5,19.3,0.21,Dat do bazan,4,low,0,
2022-02-01,2022-02-28,Gia Lai,Ia Grai,Robusta / ca phe nhan xo noi dia,40960,40960.0,10,observed,25.732,62.643,18.6,0.278,Dat do bazan,4,low,10,Nong Nghiep Moi Truong
2022-02-01,2022-02-28,Gia Lai,Pleiku,Robusta / ca phe nhan xo noi dia,40960,40960.0,10,observed,21.882,72.75,28.4,0.282,Dat do bazan,4,low,10,Nong Nghiep Moi Truong
2022-02-01,2022-02-28,Kon Tum,Kon Tum,Robusta / ca phe nhan xo noi dia,41040,41040.0,10,observed,22.821,70.286,22.1,0.269,Dat do vang / dat bazan cuc bo,3,low,10,Nong Nghiep Moi Truong
2022-02-01,2022-02-28,Lam Dong,Bao Loc,Robusta / ca phe nhan xo noi dia,40570,40570.0,10,observed,21.5,79.071,62.9,0.357,Dat do vang tren bazan,4,low,10,Nong Nghiep Moi Truong
2022-02-01,2022-02-28,Lam Dong,Di Linh,Robusta / ca phe nhan xo noi dia,40570,40570.0,10,observed,21.307,76.464,65.8,0.334,Dat do vang tren bazan,4,medium,10,Nong Nghiep Moi Truong
2022-02-01,2022-02-28,Lam Dong,Lam Ha,Robusta / ca phe nhan xo noi dia,40570,40570.0,10,observed,21.671,74.357,48.7,0.335,Dat do vang tren bazan,4,low,10,Nong Nghiep Moi Truong
2022-03-01,2022-03-31,Dak Lak,Buon Ho,Robusta / ca phe nhan xo noi dia,40858,40858.333333333336,12,observed,23.416,77.323,63.1,0.213,Dat do bazan,5,medium,12,Nong Nghiep Moi Truong
2022-03-01,2022-03-31,Dak Lak,Cu M'gar,Robusta / ca phe nhan xo noi dia,40858,,0,province_proxy,25.658,69.677,83.9,0.256,Dat do bazan,5,high,0,
2022-03-01,2022-03-31,Dak Lak,Ea H'leo,Robusta / ca phe nhan xo noi dia,40858,40858.333333333336,12,observed,24.103,73.968,117.9,0.285,Dat do bazan,5,medium,12,Nong Nghiep Moi Truong
2022-03-01,2022-03-31,Dak Nong,Dak R'lap,Robusta / ca phe nhan xo noi dia,40553,,0,interpolated_area,24.071,77.645,111.7,0.377,Dat do bazan,4,low,0,
2022-03-01,2022-03-31,Dak Nong,Gia Nghia,Robusta / ca phe nhan xo noi dia,40553,,0,interpolated_area,23.761,77.419,63.2,0.343,Dat do bazan,4,low,0,
2022-03-01,2022-03-31,Gia Lai,Chu Prong,Robusta / ca phe nhan xo noi dia,40808,,0,province_proxy,26.332,65.129,101.7,0.251,Dat do bazan,4,low,0,
2022-03-01,2022-03-31,Gia Lai,Ia Grai,Robusta / ca phe nhan xo noi dia,40808,40808.333333333336,12,observed,27.19,65.032,100.9,0.312,Dat do bazan,4,low,12,Nong Nghiep Moi Truong
2022-03-01,2022-03-31,Gia Lai,Pleiku,Robusta / ca phe nhan xo noi dia,40808,40808.333333333336,12,observed,23.884,71.0,115.5,0.307,Dat do bazan,4,low,12,Nong Nghiep Moi Truong
2022-03-01,2022-03-31,Kon Tum,Kon Tum,Robusta / ca phe nhan xo noi dia,40850,40850.0,12,observed,24.716,71.355,105.9,0.292,Dat do vang / dat bazan cuc bo,3,low,12,Nong Nghiep Moi Truong
2022-03-01,2022-03-31,Lam Dong,Bao Loc,Robusta / ca phe nhan xo noi dia,40358,40358.333333333336,12,observed,22.371,79.774,78.6,0.337,Dat do vang tren bazan,4,low,12,Nong Nghiep Moi Truong
2022-03-01,2022-03-31,Lam Dong,Di Linh,Robusta / ca phe nhan xo noi dia,40358,40358.333333333336,12,observed,22.197,77.581,101.2,0.356,Dat do vang tren bazan,4,medium,12,Nong Nghiep Moi Truong
2022-03-01,2022-03-31,Lam Dong,Lam Ha,Robusta / ca phe nhan xo noi dia,40358,40358.333333333336,12,observed,22.3,75.71,97.5,0.323,Dat do vang tren bazan,4,low,12,Nong Nghiep Moi Truong
2022-04-01,2022-04-30,Dak Lak,Buon Ho,Robusta / ca phe nhan xo noi dia,41108,41108.333333333336,12,observed,23.417,80.433,58.4,0.291,Dat do bazan,5,medium,12,Nong Nghiep Moi Truong
2022-04-01,2022-04-30,Dak Lak,Cu M'gar,Robusta / ca phe nhan xo noi dia,41108,,0,province_proxy,25.743,71.767,86.0,0.319,Dat do bazan,5,high,0,
2022-04-01,2022-04-30,Dak Lak,Ea H'leo,Robusta / ca phe nhan xo noi dia,41108,41108.333333333336,12,observed,23.993,77.033,68.6,0.369,Dat do bazan,5,medium,12,Nong Nghiep Moi Truong
2022-04-01,2022-04-30,Dak Nong,Dak R'lap,Robusta / ca phe nhan xo noi dia,41031,,0,interpolated_area,23.657,82.067,147.1,0.425,Dat do bazan,4,low,0,
2022-04-01,2022-04-30,Dak Nong,Gia Nghia,Robusta / ca phe nhan xo noi dia,41031,,0,interpolated_area,23.3,82.167,133.5,0.4,Dat do bazan,4,low,0,
2022-04-01,2022-04-30,Gia Lai,Chu Prong,Robusta / ca phe nhan xo noi dia,41017,,0,province_proxy,26.043,67.933,89.1,0.302,Dat do bazan,4,low,0,
2022-04-01,2022-04-30,Gia Lai,Ia Grai,Robusta / ca phe nhan xo noi dia,41017,41016.666666666664,12,observed,26.643,68.433,99.8,0.366,Dat do bazan,4,low,12,Nong Nghiep Moi Truong
2022-04-01,2022-04-30,Gia Lai,Pleiku,Robusta / ca phe nhan xo noi dia,41017,41016.666666666664,12,observed,23.543,73.933,70.5,0.356,Dat do bazan,4,low,12,Nong Nghiep Moi Truong
2022-04-01,2022-04-30,Kon Tum,Kon Tum,Robusta / ca phe nhan xo noi dia,41108,41108.333333333336,12,observed,24.37,74.567,71.3,0.329,Dat do vang / dat bazan cuc bo,3,low,12,Nong Nghiep Moi Truong
2022-04-01,2022-04-30,Lam Dong,Bao Loc,Robusta / ca phe nhan xo noi dia,40608,40608.333333333336,12,observed,22.093,84.333,108.1,0.407,Dat do vang tren bazan,4,low,12,Nong Nghiep Moi Truong
2022-04-01,2022-04-30,Lam Dong,Di Linh,Robusta / ca phe nhan xo noi dia,40608,40608.333333333336,12,observed,21.573,85.433,220.6,0.457,Dat do vang tren bazan,4,medium,12,Nong Nghiep Moi Truong
2022-04-01,2022-04-30,Lam Dong,Lam Ha,Robusta / ca phe nhan xo noi dia,40608,40608.333333333336,12,observed,22.007,81.8,121.6,0.403,Dat do vang tren bazan,4,low,12,Nong Nghiep Moi Truong
2022-05-01,2022-05-31,Dak Lak,Buon Ho,Robusta / ca phe nhan xo noi dia,41073,41072.72727272727,11,observed,23.861,85.581,282.4,0.41,Dat do bazan,5,medium,11,Nong Nghiep Moi Truong
2022-05-01,2022-05-31,Dak Lak,Cu M'gar,Robusta / ca phe nhan xo noi dia,41073,,0,province_proxy,25.452,81.774,375.7,0.434,Dat do bazan,5,high,0,
2022-05-01,2022-05-31,Dak Lak,Ea H'leo,Robusta / ca phe nhan xo noi dia,41073,41072.72727272727,11,observed,24.39,83.581,246.0,0.444,Dat do bazan,5,medium,11,Nong Nghiep Moi Truong
2022-05-01,2022-05-31,Dak Nong,Dak R'lap,Robusta / ca phe nhan xo noi dia,41509,,0,interpolated_area,23.413,91.226,410.2,0.493,Dat do bazan,4,low,0,
2022-05-01,2022-05-31,Dak Nong,Gia Nghia,Robusta / ca phe nhan xo noi dia,41509,,0,interpolated_area,23.377,89.548,337.7,0.488,Dat do bazan,4,low,0,
2022-05-01,2022-05-31,Gia Lai,Chu Prong,Robusta / ca phe nhan xo noi dia,40973,,0,province_proxy,25.035,84.0,283.5,0.449,Dat do bazan,4,low,0,
2022-05-01,2022-05-31,Gia Lai,Ia Grai,Robusta / ca phe nhan xo noi dia,40973,40972.72727272727,11,observed,25.668,84.194,329.3,0.459,Dat do bazan,4,low,11,Nong Nghiep Moi Truong
2022-05-01,2022-05-31,Gia Lai,Pleiku,Robusta / ca phe nhan xo noi dia,40973,40972.72727272727,11,observed,23.187,86.226,204.5,0.45,Dat do bazan,4,low,11,Nong Nghiep Moi Truong
2022-05-01,2022-05-31,Kon Tum,Kon Tum,Robusta / ca phe nhan xo noi dia,41009,41009.09090909091,11,observed,24.245,85.29,211.2,0.446,Dat do vang / dat bazan cuc bo,3,low,11,Nong Nghiep Moi Truong
2022-05-01,2022-05-31,Lam Dong,Bao Loc,Robusta / ca phe nhan xo noi dia,40564,40563.63636363636,11,observed,22.387,89.839,255.1,0.48,Dat do vang tren bazan,4,low,11,Nong Nghiep Moi Truong
2022-05-01,2022-05-31,Lam Dong,Di Linh,Robusta / ca phe nhan xo noi dia,40564,40563.63636363636,11,observed,21.884,90.097,305.7,0.492,Dat do vang tren bazan,4,medium,11,Nong Nghiep Moi Truong
2022-05-01,2022-05-31,Lam Dong,Lam Ha,Robusta / ca phe nhan xo noi dia,40564,40563.63636363636,11,observed,22.419,86.484,205.9,0.454,Dat do vang tren bazan,4,low,11,Nong Nghiep Moi Truong
2022-06-01,2022-06-30,Dak Lak,Buon Ho,Robusta / ca phe nhan xo noi dia,42218,42218.181818181816,11,observed,24.363,82.433,146.4,0.376,Dat do bazan,5,medium,11,Nong Nghiep Moi Truong
2022-06-01,2022-06-30,Dak Lak,Cu M'gar,Robusta / ca phe nhan xo noi dia,42232,,0,province_proxy,25.48,81.467,189.5,0.409,Dat do bazan,5,high,0,
2022-06-01,2022-06-30,Dak Lak,Ea H'leo,Robusta / ca phe nhan xo noi dia,42245,42245.454545454544,11,observed,24.81,82.167,162.0,0.433,Dat do bazan,5,medium,11,Nong Nghiep Moi Truong
2022-06-01,2022-06-30,Dak Nong,Dak R'lap,Robusta / ca phe nhan xo noi dia,41988,41987.5,8,observed,23.513,88.833,282.0,0.488,Dat do bazan,4,low,8,Nong Nghiep Moi Truong
2022-06-01,2022-06-30,Dak Nong,Gia Nghia,Robusta / ca phe nhan xo noi dia,41988,,0,province_proxy,23.353,88.033,269.9,0.476,Dat do bazan,4,low,0,
2022-06-01,2022-06-30,Gia Lai,Chu Prong,Robusta / ca phe nhan xo noi dia,42118,,0,province_proxy,25.367,84.433,171.5,0.462,Dat do bazan,4,low,0,
2022-06-01,2022-06-30,Gia Lai,Ia Grai,Robusta / ca phe nhan xo noi dia,42118,42118.181818181816,11,observed,26.07,84.4,213.6,0.453,Dat do bazan,4,low,11,Nong Nghiep Moi Truong
2022-06-01,2022-06-30,Gia Lai,Pleiku,Robusta / ca phe nhan xo noi dia,42118,42118.181818181816,11,observed,23.79,85.067,132.3,0.402,Dat do bazan,4,low,11,Nong Nghiep Moi Truong
2022-06-01,2022-06-30,Kon Tum,Kon Tum,Robusta / ca phe nhan xo noi dia,42500,42500.0,4,observed,24.563,86.433,146.3,0.462,Dat do vang / dat bazan cuc bo,3,low,4,Nong Nghiep Moi Truong
2022-06-01,2022-06-30,Lam Dong,Bao Loc,Robusta / ca phe nhan xo noi dia,41755,41754.545454545456,11,observed,22.22,89.4,174.5,0.458,Dat do vang tren bazan,4,low,11,Nong Nghiep Moi Truong
2022-06-01,2022-06-30,Lam Dong,Di Linh,Robusta / ca phe nhan xo noi dia,42100,42100.0,3,observed,21.91,88.1,210.0,0.484,Dat do vang tren bazan,4,medium,3,Nong Nghiep Moi Truong
2022-06-01,2022-06-30,Lam Dong,Lam Ha,Robusta / ca phe nhan xo noi dia,41755,41754.545454545456,11,observed,22.247,84.967,142.4,0.438,Dat do vang tren bazan,4,low,11,Nong Nghiep Moi Truong
2022-07-01,2022-07-31,Dak Lak,Buon Ho,Robusta / ca phe nhan xo noi dia,41867,41866.666666666664,12,observed,23.619,87.097,217.0,0.46,Dat do bazan,5,medium,12,Nong Nghiep Moi Truong
2022-07-01,2022-07-31,Dak Lak,Cu M'gar,Robusta / ca phe nhan xo noi dia,41867,,0,province_proxy,24.79,85.968,352.3,0.478,Dat do bazan,5,high,0,
2022-07-01,2022-07-31,Dak Lak,Ea H'leo,Robusta / ca phe nhan xo noi dia,41867,41866.666666666664,12,observed,24.077,85.871,221.7,0.465,Dat do bazan,5,medium,12,Nong Nghiep Moi Truong
2022-07-01,2022-07-31,Dak Nong,Dak R'lap,Robusta / ca phe nhan xo noi dia,41809,41809.09090909091,11,observed,23.126,91.387,385.3,0.498,Dat do bazan,4,low,11,Nong Nghiep Moi Truong
2022-07-01,2022-07-31,Dak Nong,Gia Nghia,Robusta / ca phe nhan xo noi dia,41809,,0,province_proxy,23.11,90.032,298.2,0.493,Dat do bazan,4,low,0,
2022-07-01,2022-07-31,Gia Lai,Chu Prong,Robusta / ca phe nhan xo noi dia,41767,,0,province_proxy,24.594,87.903,436.2,0.485,Dat do bazan,4,low,0,
2022-07-01,2022-07-31,Gia Lai,Ia Grai,Robusta / ca phe nhan xo noi dia,41767,41766.666666666664,12,observed,25.235,88.226,423.9,0.485,Dat do bazan,4,low,12,Nong Nghiep Moi Truong
2022-07-01,2022-07-31,Gia Lai,Pleiku,Robusta / ca phe nhan xo noi dia,41767,41766.666666666664,12,observed,22.874,89.839,346.3,0.489,Dat do bazan,4,low,12,Nong Nghiep Moi Truong
2022-07-01,2022-07-31,Kon Tum,Kon Tum,Robusta / ca phe nhan xo noi dia,41300,41300.0,1,observed,24.068,88.29,276.0,0.476,Dat do vang / dat bazan cuc bo,3,low,1,Nong Nghiep Moi Truong
2022-07-01,2022-07-31,Lam Dong,Bao Loc,Robusta / ca phe nhan xo noi dia,41467,41466.666666666664,12,observed,22.103,90.581,194.4,0.481,Dat do vang tren bazan,4,low,12,Nong Nghiep Moi Truong
2022-07-01,2022-07-31,Lam Dong,Di Linh,Robusta / ca phe nhan xo noi dia,41000,41000.0,1,observed,21.574,90.774,217.4,0.49,Dat do vang tren bazan,4,medium,1,Nong Nghiep Moi Truong
2022-07-01,2022-07-31,Lam Dong,Lam Ha,Robusta / ca phe nhan xo noi dia,41467,41466.666666666664,12,observed,22.297,86.645,196.9,0.459,Dat do vang tren bazan,4,low,12,Nong Nghiep Moi Truong
2022-08-01,2022-08-31,Dak Lak,Buon Ho,Robusta / ca phe nhan xo noi dia,47645,47645.454545454544,11,observed,23.206,87.742,197.2,0.476,Dat do bazan,5,medium,11,Nong Nghiep Moi Truong
2022-08-01,2022-08-31,Dak Lak,Cu M'gar,Robusta / ca phe nhan xo noi dia,48080,48080.0,10,observed,24.332,86.71,344.1,0.491,Dat do bazan,5,high,10,Nong Nghiep Moi Truong
2022-08-01,2022-08-31,Dak Lak,Ea H'leo,Robusta / ca phe nhan xo noi dia,47645,47645.454545454544,11,observed,23.652,86.71,224.9,0.487,Dat do bazan,5,medium,11,Nong Nghiep Moi Truong
2022-08-01,2022-08-31,Dak Nong,Dak R'lap,Robusta / ca phe nhan xo noi dia,47545,47545.454545454544,11,observed,22.945,91.065,375.1,0.498,Dat do bazan,4,low,11,Nong Nghiep Moi Truong
2022-08-01,2022-08-31,Dak Nong,Gia Nghia,Robusta / ca phe nhan xo noi dia,47980,47980.0,10,observed,22.977,89.742,289.8,0.492,Dat do bazan,4,low,10,Nong Nghiep Moi Truong
2022-08-01,2022-08-31,Gia Lai,Chu Prong,Robusta / ca phe nhan xo noi dia,47980,47980.0,10,observed,24.103,89.161,429.8,0.495,Dat do bazan,4,low,10,Nong Nghiep Moi Truong
2022-08-01,2022-08-31,Gia Lai,Ia Grai,Robusta / ca phe nhan xo noi dia,47545,47545.454545454544,11,observed,24.777,89.29,460.9,0.498,Dat do bazan,4,low,11,Nong Nghiep Moi Truong
2022-08-01,2022-08-31,Gia Lai,Pleiku,Robusta / ca phe nhan xo noi dia,47545,47545.454545454544,11,observed,22.432,90.645,330.6,0.495,Dat do bazan,4,low,11,Nong Nghiep Moi Truong
2022-08-01,2022-08-31,Kon Tum,Kon Tum,Robusta / ca phe nhan xo noi dia,47980,47980.0,10,observed,23.694,88.71,300.3,0.494,Dat do vang / dat bazan cuc bo,3,low,10,Nong Nghiep Moi Truong
2022-08-01,2022-08-31,Lam Dong,Bao Loc,Robusta / ca phe nhan xo noi dia,47245,47245.454545454544,11,observed,21.958,90.032,191.6,0.482,Dat do vang tren bazan,4,low,11,Nong Nghiep Moi Truong
2022-08-01,2022-08-31,Lam Dong,Di Linh,Robusta / ca phe nhan xo noi dia,47580,47580.0,10,observed,21.352,90.71,266.9,0.493,Dat do vang tren bazan,4,medium,10,Nong Nghiep Moi Truong
2022-08-01,2022-08-31,Lam Dong,Lam Ha,Robusta / ca phe nhan xo noi dia,47245,47245.454545454544,11,observed,21.955,86.645,186.4,0.478,Dat do vang tren bazan,4,low,11,Nong Nghiep Moi Truong
2022-09-01,2022-09-30,Dak Lak,Buon Ho,Robusta / ca phe nhan xo noi dia,47891,47890.90909090909,11,observed,22.877,89.133,240.8,0.472,Dat do bazan,5,medium,11,Nong Nghiep Moi Truong
2022-09-01,2022-09-30,Dak Lak,Cu M'gar,Robusta / ca phe nhan xo noi dia,47991,47990.90909090909,11,observed,24.07,87.733,337.0,0.486,Dat do bazan,5,high,11,Nong Nghiep Moi Truong
2022-09-01,2022-09-30,Dak Lak,Ea H'leo,Robusta / ca phe nhan xo noi dia,47891,47890.90909090909,11,observed,23.293,88.533,250.5,0.491,Dat do bazan,5,medium,11,Nong Nghiep Moi Truong
2022-09-01,2022-09-30,Dak Nong,Dak R'lap,Robusta / ca phe nhan xo noi dia,47791,47790.90909090909,11,observed,22.64,92.4,391.0,0.5,Dat do bazan,4,low,11,Nong Nghiep Moi Truong
2022-09-01,2022-09-30,Dak Nong,Gia Nghia,Robusta / ca phe nhan xo noi dia,47891,47890.90909090909,11,observed,22.663,90.833,369.3,0.496,Dat do bazan,4,low,11,Nong Nghiep Moi Truong
2022-09-01,2022-09-30,Gia Lai,Chu Prong,Robusta / ca phe nhan xo noi dia,47891,47890.90909090909,11,observed,23.943,89.433,388.4,0.491,Dat do bazan,4,low,11,Nong Nghiep Moi Truong
2022-09-01,2022-09-30,Gia Lai,Ia Grai,Robusta / ca phe nhan xo noi dia,47791,47790.90909090909,11,observed,24.61,89.233,485.9,0.494,Dat do bazan,4,low,11,Nong Nghiep Moi Truong
2022-09-01,2022-09-30,Gia Lai,Pleiku,Robusta / ca phe nhan xo noi dia,47791,47790.90909090909,11,observed,22.237,90.6,406.1,0.495,Dat do bazan,4,low,11,Nong Nghiep Moi Truong
2022-09-01,2022-09-30,Kon Tum,Kon Tum,Robusta / ca phe nhan xo noi dia,47891,47890.90909090909,11,observed,23.253,89.867,401.6,0.489,Dat do vang / dat bazan cuc bo,3,low,11,Nong Nghiep Moi Truong
2022-09-01,2022-09-30,Lam Dong,Bao Loc,Robusta / ca phe nhan xo noi dia,47391,47390.90909090909,11,observed,21.75,91.1,219.4,0.49,Dat do vang tren bazan,4,low,11,Nong Nghiep Moi Truong
2022-09-01,2022-09-30,Lam Dong,Di Linh,Robusta / ca phe nhan xo noi dia,47391,47390.90909090909,11,observed,21.177,91.667,285.7,0.496,Dat do vang tren bazan,4,medium,11,Nong Nghiep Moi Truong
2022-09-01,2022-09-30,Lam Dong,Lam Ha,Robusta / ca phe nhan xo noi dia,47391,47390.90909090909,11,observed,21.717,88.2,218.2,0.49,Dat do vang tren bazan,4,low,11,Nong Nghiep Moi Truong
2022-10-01,2022-10-31,Dak Lak,Buon Ho,Robusta / ca phe nhan xo noi dia,45750,45750.0,12,observed,22.281,87.71,133.4,0.447,Dat do bazan,5,medium,12,Nong Nghiep Moi Truong
2022-10-01,2022-10-31,Dak Lak,Cu M'gar,Robusta / ca phe nhan xo noi dia,45925,45925.0,12,observed,23.974,82.613,145.3,0.452,Dat do bazan,5,high,12,Nong Nghiep Moi Truong
2022-10-01,2022-10-31,Dak Lak,Ea H'leo,Robusta / ca phe nhan xo noi dia,45750,45750.0,12,observed,22.894,84.194,145.0,0.449,Dat do bazan,5,medium,12,Nong Nghiep Moi Truong
2022-10-01,2022-10-31,Dak Nong,Dak R'lap,Robusta / ca phe nhan xo noi dia,45650,45650.0,12,observed,22.697,87.645,206.2,0.481,Dat do bazan,4,low,12,Nong Nghiep Moi Truong
2022-10-01,2022-10-31,Dak Nong,Gia Nghia,Robusta / ca phe nhan xo noi dia,45750,45750.0,12,observed,22.555,86.677,201.2,0.477,Dat do bazan,4,low,12,Nong Nghiep Moi Truong
2022-10-01,2022-10-31,Gia Lai,Chu Prong,Robusta / ca phe nhan xo noi dia,45742,45741.666666666664,12,observed,24.106,80.613,197.2,0.435,Dat do bazan,4,low,12,Nong Nghiep Moi Truong
2022-10-01,2022-10-31,Gia Lai,Ia Grai,Robusta / ca phe nhan xo noi dia,45642,45641.666666666664,12,observed,24.581,82.065,227.5,0.455,Dat do bazan,4,low,12,Nong Nghiep Moi Truong
2022-10-01,2022-10-31,Gia Lai,Pleiku,Robusta / ca phe nhan xo noi dia,45642,45641.666666666664,12,observed,22.152,83.323,171.5,0.446,Dat do bazan,4,low,12,Nong Nghiep Moi Truong
2022-10-01,2022-10-31,Kon Tum,Kon Tum,Robusta / ca phe nhan xo noi dia,45750,45750.0,12,observed,22.761,83.968,150.6,0.447,Dat do vang / dat bazan cuc bo,3,low,12,Nong Nghiep Moi Truong
2022-10-01,2022-10-31,Lam Dong,Bao Loc,Robusta / ca phe nhan xo noi dia,45442,45441.666666666664,12,observed,21.348,88.774,184.4,0.481,Dat do vang tren bazan,4,low,12,Nong Nghiep Moi Truong
2022-10-01,2022-10-31,Lam Dong,Di Linh,Robusta / ca phe nhan xo noi dia,45433,45433.333333333336,12,observed,21.094,87.871,202.5,0.483,Dat do vang tren bazan,4,medium,12,Nong Nghiep Moi Truong
2022-10-01,2022-10-31,Lam Dong,Lam Ha,Robusta / ca phe nhan xo noi dia,45433,45433.333333333336,12,observed,21.213,87.194,208.6,0.484,Dat do vang tren bazan,4,low,12,Nong Nghiep Moi Truong
2022-11-01,2022-11-30,Dak Lak,Buon Ho,Robusta / ca phe nhan xo noi dia,39964,39963.63636363636,11,observed,22.017,88.5,99.9,0.371,Dat do bazan,5,medium,11,Nong Nghiep Moi Truong
2022-11-01,2022-11-30,Dak Lak,Cu M'gar,Robusta / ca phe nhan xo noi dia,40064,40063.63636363636,11,observed,24.06,81.233,123.1,0.364,Dat do bazan,5,high,11,Nong Nghiep Moi Truong
2022-11-01,2022-11-30,Dak Lak,Ea H'leo,Robusta / ca phe nhan xo noi dia,39964,39963.63636363636,11,observed,22.92,83.433,92.6,0.383,Dat do bazan,5,medium,11,Nong Nghiep Moi Truong
2022-11-01,2022-11-30,Dak Nong,Dak R'lap,Robusta / ca phe nhan xo noi dia,39964,39963.63636363636,11,observed,22.59,87.7,178.9,0.451,Dat do bazan,4,low,11,Nong Nghiep Moi Truong
2022-11-01,2022-11-30,Dak Nong,Gia Nghia,Robusta / ca phe nhan xo noi dia,40064,40063.63636363636,11,observed,22.47,86.233,198.9,0.439,Dat do bazan,4,low,11,Nong Nghiep Moi Truong
2022-11-01,2022-11-30,Gia Lai,Chu Prong,Robusta / ca phe nhan xo noi dia,40064,40063.63636363636,11,observed,24.857,73.033,48.2,0.283,Dat do bazan,4,low,11,Nong Nghiep Moi Truong
2022-11-01,2022-11-30,Gia Lai,Ia Grai,Robusta / ca phe nhan xo noi dia,39964,39963.63636363636,11,observed,25.34,74.4,84.5,0.364,Dat do bazan,4,low,11,Nong Nghiep Moi Truong
2022-11-01,2022-11-30,Gia Lai,Pleiku,Robusta / ca phe nhan xo noi dia,39964,39963.63636363636,11,observed,22.277,80.067,70.6,0.35,Dat do bazan,4,low,11,Nong Nghiep Moi Truong
2022-11-01,2022-11-30,Kon Tum,Kon Tum,Robusta / ca phe nhan xo noi dia,40064,40063.63636363636,11,observed,22.973,79.933,67.6,0.336,Dat do vang / dat bazan cuc bo,3,low,11,Nong Nghiep Moi Truong
2022-11-01,2022-11-30,Lam Dong,Bao Loc,Robusta / ca phe nhan xo noi dia,39518,39518.181818181816,11,observed,21.2,88.467,191.3,0.463,Dat do vang tren bazan,4,low,11,Nong Nghiep Moi Truong
2022-11-01,2022-11-30,Lam Dong,Di Linh,Robusta / ca phe nhan xo noi dia,39518,39518.181818181816,11,observed,21.067,86.0,186.4,0.462,Dat do vang tren bazan,4,medium,11,Nong Nghiep Moi Truong
2022-11-01,2022-11-30,Lam Dong,Lam Ha,Robusta / ca phe nhan xo noi dia,39518,39518.181818181816,11,observed,20.86,86.3,183.5,0.462,Dat do vang tren bazan,4,low,11,Nong Nghiep Moi Truong
2022-12-01,2022-12-31,Dak Lak,Buon Ho,Robusta / ca phe nhan xo noi dia,40783,40783.333333333336,12,observed,19.506,85.032,17.4,0.343,Dat do bazan,5,medium,12,Nong Nghiep Moi Truong
2022-12-01,2022-12-31,Dak Lak,Cu M'gar,Robusta / ca phe nhan xo noi dia,40883,40883.333333333336,12,observed,21.7,76.516,11.1,0.3,Dat do bazan,5,high,12,Nong Nghiep Moi Truong
2022-12-01,2022-12-31,Dak Lak,Ea H'leo,Robusta / ca phe nhan xo noi dia,40783,40783.333333333336,12,observed,20.081,81.806,30.1,0.38,Dat do bazan,5,medium,12,Nong Nghiep Moi Truong
2022-12-01,2022-12-31,Dak Nong,Dak R'lap,Robusta / ca phe nhan xo noi dia,40817,40816.666666666664,12,observed,21.316,75.935,14.8,0.377,Dat do bazan,4,low,12,Nong Nghiep Moi Truong
2022-12-01,2022-12-31,Dak Nong,Gia Nghia,Robusta / ca phe nhan xo noi dia,40917,40916.666666666664,12,observed,20.884,77.387,14.1,0.34,Dat do bazan,4,low,12,Nong Nghiep Moi Truong
2022-12-01,2022-12-31,Gia Lai,Chu Prong,Robusta / ca phe nhan xo noi dia,40883,40883.333333333336,12,observed,23.187,63.581,2.6,0.216,Dat do bazan,4,low,12,Nong Nghiep Moi Truong
2022-12-01,2022-12-31,Gia Lai,Ia Grai,Robusta / ca phe nhan xo noi dia,40783,40783.333333333336,12,observed,23.855,63.032,3.0,0.291,Dat do bazan,4,low,12,Nong Nghiep Moi Truong
2022-12-01,2022-12-31,Gia Lai,Pleiku,Robusta / ca phe nhan xo noi dia,40783,40783.333333333336,12,observed,20.284,71.903,1.9,0.295,Dat do bazan,4,low,12,Nong Nghiep Moi Truong
2022-12-01,2022-12-31,Kon Tum,Kon Tum,Robusta / ca phe nhan xo noi dia,40892,40891.666666666664,12,observed,21.158,70.645,1.9,0.275,Dat do vang / dat bazan cuc bo,3,low,12,Nong Nghiep Moi Truong
2022-12-01,2022-12-31,Lam Dong,Bao Loc,Robusta / ca phe nhan xo noi dia,40217,40216.666666666664,12,observed,19.435,83.387,42.6,0.375,Dat do vang tren bazan,4,low,12,Nong Nghiep Moi Truong
2022-12-01,2022-12-31,Lam Dong,Di Linh,Robusta / ca phe nhan xo noi dia,40217,40216.666666666664,12,observed,19.461,80.452,38.3,0.376,Dat do vang tren bazan,4,medium,12,Nong Nghiep Moi Truong
2022-12-01,2022-12-31,Lam Dong,Lam Ha,Robusta / ca phe nhan xo noi dia,40217,40216.666666666664,12,observed,19.458,79.71,27.7,0.366,Dat do vang tren bazan,4,low,12,Nong Nghiep Moi Truong
2023-01-01,2023-01-31,Dak Lak,Buon Ho,Robusta / ca phe nhan xo noi dia,40283,40283.333333333336,12,observed,19.361,85.355,44.2,0.332,Dat do bazan,5,medium,12,Nong Nghiep Moi Truong
2023-01-01,2023-01-31,Dak Lak,Cu M'gar,Robusta / ca phe nhan xo noi dia,40383,40383.333333333336,12,observed,21.61,76.613,44.5,0.307,Dat do bazan,5,high,12,Nong Nghiep Moi Truong
2023-01-01,2023-01-31,Dak Lak,Ea H'leo,Robusta / ca phe nhan xo noi dia,40283,40283.333333333336,12,observed,19.842,81.968,54.2,0.362,Dat do bazan,5,medium,12,Nong Nghiep Moi Truong
2023-01-01,2023-01-31,Dak Nong,Dak R'lap,Robusta / ca phe nhan xo noi dia,40350,40350.0,12,observed,21.229,77.839,55.2,0.383,Dat do bazan,4,low,12,Nong Nghiep Moi Truong
2023-01-01,2023-01-31,Dak Nong,Gia Nghia,Robusta / ca phe nhan xo noi dia,40450,40450.0,12,observed,20.71,79.355,68.8,0.361,Dat do bazan,4,low,12,Nong Nghiep Moi Truong
2023-01-01,2023-01-31,Gia Lai,Chu Prong,Robusta / ca phe nhan xo noi dia,40450,40450.0,12,observed,22.945,64.581,29.1,0.242,Dat do bazan,4,low,12,Nong Nghiep Moi Truong
2023-01-01,2023-01-31,Gia Lai,Ia Grai,Robusta / ca phe nhan xo noi dia,40350,40350.0,12,observed,23.71,63.419,23.2,0.284,Dat do bazan,4,low,12,Nong Nghiep Moi Truong
2023-01-01,2023-01-31,Gia Lai,Pleiku,Robusta / ca phe nhan xo noi dia,40350,40350.0,12,observed,20.19,72.161,25.9,0.299,Dat do bazan,4,low,12,Nong Nghiep Moi Truong
2023-01-01,2023-01-31,Kon Tum,Kon Tum,Robusta / ca phe nhan xo noi dia,40350,40350.0,12,observed,20.955,70.968,24.5,0.292,Dat do vang / dat bazan cuc bo,3,low,12,Nong Nghiep Moi Truong
2023-01-01,2023-01-31,Lam Dong,Bao Loc,Robusta / ca phe nhan xo noi dia,39817,39816.666666666664,12,observed,19.59,84.484,107.9,0.377,Dat do vang tren bazan,4,low,12,Nong Nghiep Moi Truong
2023-01-01,2023-01-31,Lam Dong,Di Linh,Robusta / ca phe nhan xo noi dia,39817,39816.666666666664,12,observed,19.539,84.0,132.6,0.409,Dat do vang tren bazan,4,medium,12,Nong Nghiep Moi Truong
2023-01-01,2023-01-31,Lam Dong,Lam Ha,Robusta / ca phe nhan xo noi dia,39817,39816.666666666664,12,observed,20.048,79.935,94.3,0.379,Dat do vang tren bazan,4,low,12,Nong Nghiep Moi Truong
2023-02-01,2023-02-28,Dak Lak,Buon Ho,Robusta / ca phe nhan xo noi dia,44350,44350.0,12,observed,20.918,81.0,7.9,0.204,Dat do bazan,5,medium,12,Nong Nghiep Moi Truong
2023-02-01,2023-02-28,Dak Lak,Cu M'gar,Robusta / ca phe nhan xo noi dia,44450,44450.0,12,observed,23.5,70.75,2.6,0.222,Dat do bazan,5,high,12,Nong Nghiep Moi Truong
2023-02-01,2023-02-28,Dak Lak,Ea H'leo,Robusta / ca phe nhan xo noi dia,44350,44350.0,12,observed,21.714,76.714,10.1,0.261,Dat do bazan,5,medium,12,Nong Nghiep Moi Truong
2023-02-01,2023-02-28,Dak Nong,Dak R'lap,Robusta / ca phe nhan xo noi dia,44300,44300.0,12,observed,22.743,72.107,16.1,0.349,Dat do bazan,4,low,12,Nong Nghiep Moi Truong
2023-02-01,2023-02-28,Dak Nong,Gia Nghia,Robusta / ca phe nhan xo noi dia,44400,44400.0,12,observed,22.357,73.107,28.1,0.293,Dat do bazan,4,low,12,Nong Nghiep Moi Truong
2023-02-01,2023-02-28,Gia Lai,Chu Prong,Robusta / ca phe nhan xo noi dia,44392,44391.666666666664,12,observed,24.821,60.143,2.9,0.188,Dat do bazan,4,low,12,Nong Nghiep Moi Truong
2023-02-01,2023-02-28,Gia Lai,Ia Grai,Robusta / ca phe nhan xo noi dia,44292,44291.666666666664,12,observed,25.821,57.929,4.2,0.256,Dat do bazan,4,low,12,Nong Nghiep Moi Truong
2023-02-01,2023-02-28,Gia Lai,Pleiku,Robusta / ca phe nhan xo noi dia,44292,44291.666666666664,12,observed,22.011,67.714,2.8,0.257,Dat do bazan,4,low,12,Nong Nghiep Moi Truong
2023-02-01,2023-02-28,Kon Tum,Kon Tum,Robusta / ca phe nhan xo noi dia,44350,44350.0,12,observed,23.064,65.536,2.2,0.24,Dat do vang / dat bazan cuc bo,3,low,12,Nong Nghiep Moi Truong
2023-02-01,2023-02-28,Lam Dong,Bao Loc,Robusta / ca phe nhan xo noi dia,43792,43791.666666666664,12,observed,20.704,77.179,26.4,0.316,Dat do vang tren bazan,4,low,12,Nong Nghiep Moi Truong
2023-02-01,2023-02-28,Lam Dong,Di Linh,Robusta / ca phe nhan xo noi dia,43792,43791.666666666664,12,observed,20.55,74.536,28.5,0.303,Dat do vang tren bazan,4,medium,12,Nong Nghiep Moi Truong
2023-02-01,2023-02-28,Lam Dong,Lam Ha,Robusta / ca phe nhan xo noi dia,43792,43791.666666666664,12,observed,20.786,73.393,33.3,0.329,Dat do vang tren bazan,4,low,12,Nong Nghiep Moi Truong
2023-03-01,2023-03-31,Dak Lak,Buon Ho,Robusta / ca phe nhan xo noi dia,47186,47185.71428571428,14,observed,22.397,73.903,6.5,0.177,Dat do bazan,5,medium,14,Nong Nghiep Moi Truong
2023-03-01,2023-03-31,Dak Lak,Cu M'gar,Robusta / ca phe nhan xo noi dia,47286,47285.71428571428,14,observed,24.774,65.097,0.3,0.218,Dat do bazan,5,high,14,Nong Nghiep Moi Truong
2023-03-01,2023-03-31,Dak Lak,Ea H'leo,Robusta / ca phe nhan xo noi dia,47186,47185.71428571428,14,observed,23.316,68.774,1.5,0.232,Dat do bazan,5,medium,14,Nong Nghiep Moi Truong
2023-03-01,2023-03-31,Dak Nong,Dak R'lap,Robusta / ca phe nhan xo noi dia,47093,47092.857142857145,14,observed,23.771,67.194,5.2,0.301,Dat do bazan,4,low,14,Nong Nghiep Moi Truong
2023-03-01,2023-03-31,Dak Nong,Gia Nghia,Robusta / ca phe nhan xo noi dia,47193,47192.857142857145,14,observed,23.594,66.774,3.3,0.234,Dat do bazan,4,low,14,Nong Nghiep Moi Truong
2023-03-01,2023-03-31,Gia Lai,Chu Prong,Robusta / ca phe nhan xo noi dia,47193,47192.857142857145,14,observed,25.816,58.0,2.6,0.202,Dat do bazan,4,low,14,Nong Nghiep Moi Truong
2023-03-01,2023-03-31,Gia Lai,Ia Grai,Robusta / ca phe nhan xo noi dia,47093,47092.857142857145,14,observed,26.877,55.516,5.9,0.259,Dat do bazan,4,low,14,Nong Nghiep Moi Truong
2023-03-01,2023-03-31,Gia Lai,Pleiku,Robusta / ca phe nhan xo noi dia,47093,47092.857142857145,14,observed,23.155,64.613,10.5,0.26,Dat do bazan,4,low,14,Nong Nghiep Moi Truong
2023-03-01,2023-03-31,Kon Tum,Kon Tum,Robusta / ca phe nhan xo noi dia,47193,47192.857142857145,14,observed,24.052,64.29,14.3,0.247,Dat do vang / dat bazan cuc bo,3,low,14,Nong Nghiep Moi Truong
2023-03-01,2023-03-31,Lam Dong,Bao Loc,Robusta / ca phe nhan xo noi dia,46871,46871.42857142857,14,observed,22.168,69.871,7.7,0.254,Dat do vang tren bazan,4,low,14,Nong Nghiep Moi Truong
2023-03-01,2023-03-31,Lam Dong,Di Linh,Robusta / ca phe nhan xo noi dia,46871,46871.42857142857,14,observed,21.89,67.484,15.5,0.233,Dat do vang tren bazan,4,medium,14,Nong Nghiep Moi Truong
2023-03-01,2023-03-31,Lam Dong,Lam Ha,Robusta / ca phe nhan xo noi dia,46871,46871.42857142857,14,observed,22.068,67.645,3.4,0.265,Dat do vang tren bazan,4,low,14,Nong Nghiep Moi Truong
2023-04-01,2023-04-30,Dak Lak,Buon Ho,Robusta / ca phe nhan xo noi dia,50123,50123.07692307692,13,observed,25.777,73.367,25.1,0.203,Dat do bazan,5,medium,13,Nong Nghiep Moi Truong
2023-04-01,2023-04-30,Dak Lak,Cu M'gar,Robusta / ca phe nhan xo noi dia,50130,50130.0,10,observed,27.923,65.867,25.3,0.249,Dat do bazan,5,high,10,Nong Nghiep Moi Truong
2023-04-01,2023-04-30,Dak Lak,Ea H'leo,Robusta / ca phe nhan xo noi dia,50123,50123.07692307692,13,observed,26.5,70.067,32.6,0.251,Dat do bazan,5,medium,13,Nong Nghiep Moi Truong
2023-04-01,2023-04-30,Dak Nong,Dak R'lap,Robusta / ca phe nhan xo noi dia,49975,49975.0,12,observed,25.037,78.467,55.8,0.389,Dat do bazan,4,low,12,Nong Nghiep Moi Truong
2023-04-01,2023-04-30,Dak Nong,Gia Nghia,Robusta / ca phe nhan xo noi dia,50030,50030.0,10,observed,25.027,76.867,62.9,0.33,Dat do bazan,4,low,10,Nong Nghiep Moi Truong
2023-04-01,2023-04-30,Gia Lai,Chu Prong,Robusta / ca phe nhan xo noi dia,50030,50030.0,10,observed,28.173,64.833,59.3,0.253,Dat do bazan,4,low,10,Nong Nghiep Moi Truong
2023-04-01,2023-04-30,Gia Lai,Ia Grai,Robusta / ca phe nhan xo noi dia,50023,50023.07692307692,13,observed,28.53,66.5,79.3,0.322,Dat do bazan,4,low,13,Nong Nghiep Moi Truong
2023-04-01,2023-04-30,Gia Lai,Pleiku,Robusta / ca phe nhan xo noi dia,50023,50023.07692307692,13,observed,25.497,71.767,49.2,0.32,Dat do bazan,4,low,13,Nong Nghiep Moi Truong
2023-04-01,2023-04-30,Kon Tum,Kon Tum,Robusta / ca phe nhan xo noi dia,50091,50090.90909090909,11,observed,26.307,72.533,50.5,0.31,Dat do vang / dat bazan cuc bo,3,low,11,Nong Nghiep Moi Truong
2023-04-01,2023-04-30,Lam Dong,Bao Loc,Robusta / ca phe nhan xo noi dia,49777,49776.92307692308,13,observed,24.067,76.567,59.2,0.311,Dat do vang tren bazan,4,low,13,Nong Nghiep Moi Truong
2023-04-01,2023-04-30,Lam Dong,Di Linh,Robusta / ca phe nhan xo noi dia,49755,49754.545454545456,11,observed,23.393,76.4,67.6,0.3,Dat do vang tren bazan,4,medium,11,Nong Nghiep Moi Truong
2023-04-01,2023-04-30,Lam Dong,Lam Ha,Robusta / ca phe nhan xo noi dia,49777,49776.92307692308,13,observed,23.967,74.233,38.0,0.312,Dat do vang tren bazan,4,low,13,Nong Nghiep Moi Truong
2023-05-01,2023-05-31,Dak Lak,Buon Ho,Robusta / ca phe nhan xo noi dia,54908,54908.333333333336,12,observed,25.29,79.645,190.6,0.327,Dat do bazan,5,medium,12,Nong Nghiep Moi Truong
2023-05-01,2023-05-31,Dak Lak,Cu M'gar,Robusta / ca phe nhan xo noi dia,55008,55008.333333333336,12,observed,26.897,75.71,218.9,0.342,Dat do bazan,5,high,12,Nong Nghiep Moi Truong
2023-05-01,2023-05-31,Dak Lak,Ea H'leo,Robusta / ca phe nhan xo noi dia,54908,54908.333333333336,12,observed,25.842,78.032,196.4,0.391,Dat do bazan,5,medium,12,Nong Nghiep Moi Truong
2023-05-01,2023-05-31,Dak Nong,Dak R'lap,Robusta / ca phe nhan xo noi dia,54908,54908.333333333336,12,observed,24.661,85.161,211.6,0.44,Dat do bazan,4,low,12,Nong Nghiep Moi Truong
2023-05-01,2023-05-31,Dak Nong,Gia Nghia,Robusta / ca phe nhan xo noi dia,55008,55008.333333333336,12,observed,24.639,84.032,193.9,0.414,Dat do bazan,4,low,12,Nong Nghiep Moi Truong
2023-05-01,2023-05-31,Gia Lai,Chu Prong,Robusta / ca phe nhan xo noi dia,54925,54925.0,12,observed,26.803,77.419,222.1,0.391,Dat do bazan,4,low,12,Nong Nghiep Moi Truong
2023-05-01,2023-05-31,Gia Lai,Ia Grai,Robusta / ca phe nhan xo noi dia,54825,54825.0,12,observed,27.394,78.484,230.6,0.412,Dat do bazan,4,low,12,Nong Nghiep Moi Truong
2023-05-01,2023-05-31,Gia Lai,Pleiku,Robusta / ca phe nhan xo noi dia,54825,54825.0,12,observed,24.865,79.645,148.4,0.391,Dat do bazan,4,low,12,Nong Nghiep Moi Truong
2023-05-01,2023-05-31,Kon Tum,Kon Tum,Robusta / ca phe nhan xo noi dia,54925,54925.0,12,observed,25.69,80.742,168.7,0.396,Dat do vang / dat bazan cuc bo,3,low,12,Nong Nghiep Moi Truong
2023-05-01,2023-05-31,Lam Dong,Bao Loc,Robusta / ca phe nhan xo noi dia,54533,54533.333333333336,12,observed,23.594,84.161,114.2,0.375,Dat do vang tren bazan,4,low,12,Nong Nghiep Moi Truong
2023-05-01,2023-05-31,Lam Dong,Di Linh,Robusta / ca phe nhan xo noi dia,54533,54533.333333333336,12,observed,22.852,85.258,199.9,0.416,Dat do vang tren bazan,4,medium,12,Nong Nghiep Moi Truong
2023-05-01,2023-05-31,Lam Dong,Lam Ha,Robusta / ca phe nhan xo noi dia,54533,54533.333333333336,12,observed,23.329,82.742,185.4,0.404,Dat do vang tren bazan,4,low,12,Nong Nghiep Moi Truong
2023-06-01,2023-06-30,Dak Lak,Buon Ho,Robusta / ca phe nhan xo noi dia,64600,64600.0,11,observed,24.093,85.8,179.4,0.408,Dat do bazan,5,medium,11,Nong Nghiep Moi Truong
2023-06-01,2023-06-30,Dak Lak,Cu M'gar,Robusta / ca phe nhan xo noi dia,64700,64700.0,11,observed,25.193,85.033,293.6,0.465,Dat do bazan,5,high,11,Nong Nghiep Moi Truong
2023-06-01,2023-06-30,Dak Lak,Ea H'leo,Robusta / ca phe nhan xo noi dia,64600,64600.0,11,observed,24.46,85.633,201.3,0.465,Dat do bazan,5,medium,11,Nong Nghiep Moi Truong
2023-06-01,2023-06-30,Dak Nong,Dak R'lap,Robusta / ca phe nhan xo noi dia,64709,64709.09090909091,11,observed,23.573,90.6,393.1,0.496,Dat do bazan,4,low,11,Nong Nghiep Moi Truong
2023-06-01,2023-06-30,Dak Nong,Gia Nghia,Robusta / ca phe nhan xo noi dia,64809,64809.09090909091,11,observed,23.53,89.2,355.5,0.487,Dat do bazan,4,low,11,Nong Nghiep Moi Truong
2023-06-01,2023-06-30,Gia Lai,Chu Prong,Robusta / ca phe nhan xo noi dia,64373,64372.72727272727,11,observed,24.907,87.833,355.9,0.487,Dat do bazan,4,low,11,Nong Nghiep Moi Truong
2023-06-01,2023-06-30,Gia Lai,Ia Grai,Robusta / ca phe nhan xo noi dia,64327,64327.27272727273,11,observed,25.517,88.0,379.1,0.492,Dat do bazan,4,low,11,Nong Nghiep Moi Truong
2023-06-01,2023-06-30,Gia Lai,Pleiku,Robusta / ca phe nhan xo noi dia,64327,64327.27272727273,11,observed,23.217,89.3,260.5,0.466,Dat do bazan,4,low,11,Nong Nghiep Moi Truong
2023-06-01,2023-06-30,Kon Tum,Kon Tum,Robusta / ca phe nhan xo noi dia,64409,64409.09090909091,11,observed,24.537,87.033,235.4,0.473,Dat do vang / dat bazan cuc bo,3,low,11,Nong Nghiep Moi Truong
2023-06-01,2023-06-30,Lam Dong,Bao Loc,Robusta / ca phe nhan xo noi dia,64127,64127.27272727273,11,observed,22.643,89.5,233.2,0.45,Dat do vang tren bazan,4,low,11,Nong Nghiep Moi Truong
2023-06-01,2023-06-30,Lam Dong,Di Linh,Robusta / ca phe nhan xo noi dia,64127,64127.27272727273,11,observed,22.033,90.3,242.8,0.475,Dat do vang tren bazan,4,medium,11,Nong Nghiep Moi Truong
2023-06-01,2023-06-30,Lam Dong,Lam Ha,Robusta / ca phe nhan xo noi dia,64127,64127.27272727273,11,observed,22.933,84.367,192.7,0.432,Dat do vang tren bazan,4,low,11,Nong Nghiep Moi Truong
2023-07-01,2023-07-31,Dak Lak,Buon Ho,Robusta / ca phe nhan xo noi dia,65282,65281.818181818184,11,observed,23.665,87.613,273.9,0.483,Dat do bazan,5,medium,11,Nong Nghiep Moi Truong
2023-07-01,2023-07-31,Dak Lak,Cu M'gar,Robusta / ca phe nhan xo noi dia,65382,65381.818181818184,11,observed,24.806,86.806,429.2,0.481,Dat do bazan,5,high,11,Nong Nghiep Moi Truong
2023-07-01,2023-07-31,Dak Lak,Ea H'leo,Robusta / ca phe nhan xo noi dia,65282,65281.818181818184,11,observed,24.161,87.0,225.5,0.482,Dat do bazan,5,medium,11,Nong Nghiep Moi Truong
2023-07-01,2023-07-31,Dak Nong,Dak R'lap,Robusta / ca phe nhan xo noi dia,65455,65454.545454545456,11,observed,23.187,92.355,521.1,0.5,Dat do bazan,4,low,11,Nong Nghiep Moi Truong
2023-07-01,2023-07-31,Dak Nong,Gia Nghia,Robusta / ca phe nhan xo noi dia,65555,65554.54545454546,11,observed,23.087,91.097,504.5,0.497,Dat do bazan,4,low,11,Nong Nghiep Moi Truong
2023-07-01,2023-07-31,Gia Lai,Chu Prong,Robusta / ca phe nhan xo noi dia,65191,65190.90909090909,11,observed,24.584,88.484,502.6,0.49,Dat do bazan,4,low,11,Nong Nghiep Moi Truong
2023-07-01,2023-07-31,Gia Lai,Ia Grai,Robusta / ca phe nhan xo noi dia,65091,65090.90909090909,11,observed,25.31,88.935,432.4,0.49,Dat do bazan,4,low,11,Nong Nghiep Moi Truong
2023-07-01,2023-07-31,Gia Lai,Pleiku,Robusta / ca phe nhan xo noi dia,65091,65090.90909090909,11,observed,23.01,89.935,292.4,0.48,Dat do bazan,4,low,11,Nong Nghiep Moi Truong
2023-07-01,2023-07-31,Kon Tum,Kon Tum,Robusta / ca phe nhan xo noi dia,65182,65181.818181818184,11,observed,24.542,86.839,278.6,0.476,Dat do vang / dat bazan cuc bo,3,low,11,Nong Nghiep Moi Truong
2023-07-01,2023-07-31,Lam Dong,Bao Loc,Robusta / ca phe nhan xo noi dia,64927,64927.27272727273,11,observed,22.174,91.258,339.5,0.492,Dat do vang tren bazan,4,low,11,Nong Nghiep Moi Truong
2023-07-01,2023-07-31,Lam Dong,Di Linh,Robusta / ca phe nhan xo noi dia,64927,64927.27272727273,11,observed,21.716,91.452,332.1,0.497,Dat do vang tren bazan,4,medium,11,Nong Nghiep Moi Truong
2023-07-01,2023-07-31,Lam Dong,Lam Ha,Robusta / ca phe nhan xo noi dia,64927,64927.27272727273,11,observed,22.323,87.226,260.7,0.476,Dat do vang tren bazan,4,low,11,Nong Nghiep Moi Truong
2023-08-01,2023-08-31,Dak Lak,Buon Ho,Robusta / ca phe nhan xo noi dia,65529,65528.57142857143,7,observed,24.084,85.258,142.9,0.419,Dat do bazan,5,medium,7,Nong Nghiep Moi Truong
2023-08-01,2023-08-31,Dak Lak,Cu M'gar,Robusta / ca phe nhan xo noi dia,65629,65628.57142857143,7,observed,25.21,84.355,214.7,0.471,Dat do bazan,5,high,7,Nong Nghiep Moi Truong
2023-08-01,2023-08-31,Dak Lak,Ea H'leo,Robusta / ca phe nhan xo noi dia,65529,65528.57142857143,7,observed,24.519,84.806,150.9,0.456,Dat do bazan,5,medium,7,Nong Nghiep Moi Truong
2023-08-01,2023-08-31,Dak Nong,Dak R'lap,Robusta / ca phe nhan xo noi dia,65743,65742.85714285714,7,observed,23.597,90.258,374.1,0.497,Dat do bazan,4,low,7,Nong Nghiep Moi Truong
2023-08-01,2023-08-31,Dak Nong,Gia Nghia,Robusta / ca phe nhan xo noi dia,65814,65814.28571428571,7,observed,23.706,88.129,233.9,0.486,Dat do bazan,4,low,7,Nong Nghiep Moi Truong
2023-08-01,2023-08-31,Gia Lai,Chu Prong,Robusta / ca phe nhan xo noi dia,65157,65157.142857142855,7,observed,24.668,88.387,349.2,0.497,Dat do bazan,4,low,7,Nong Nghiep Moi Truong
2023-08-01,2023-08-31,Gia Lai,Ia Grai,Robusta / ca phe nhan xo noi dia,65057,65057.142857142855,7,observed,25.329,88.645,409.9,0.501,Dat do bazan,4,low,7,Nong Nghiep Moi Truong
2023-08-01,2023-08-31,Gia Lai,Pleiku,Robusta / ca phe nhan xo noi dia,65057,65057.142857142855,7,observed,22.942,90.387,226.4,0.491,Dat do bazan,4,low,7,Nong Nghiep Moi Truong
2023-08-01,2023-08-31,Kon Tum,Kon Tum,Robusta / ca phe nhan xo noi dia,65143,65142.857142857145,7,observed,24.671,86.161,163.6,0.475,Dat do vang / dat bazan cuc bo,3,low,7,Nong Nghiep Moi Truong
2023-08-01,2023-08-31,Lam Dong,Bao Loc,Robusta / ca phe nhan xo noi dia,65000,65000.0,7,observed,22.616,90.065,178.6,0.472,Dat do vang tren bazan,4,low,7,Nong Nghiep Moi Truong
2023-08-01,2023-08-31,Lam Dong,Di Linh,Robusta / ca phe nhan xo noi dia,65000,65000.0,7,observed,21.987,91.29,200.5,0.474,Dat do vang tren bazan,4,medium,7,Nong Nghiep Moi Truong
2023-08-01,2023-08-31,Lam Dong,Lam Ha,Robusta / ca phe nhan xo noi dia,65000,65000.0,7,observed,23.013,84.548,125.4,0.416,Dat do vang tren bazan,4,low,7,Nong Nghiep Moi Truong
2023-09-01,2023-09-30,Dak Lak,Buon Ho,Robusta / ca phe nhan xo noi dia,66650,66650.0,10,observed,23.527,87.767,248.5,0.477,Dat do bazan,5,medium,10,Nong Nghiep Moi Truong
2023-09-01,2023-09-30,Dak Lak,Cu M'gar,Robusta / ca phe nhan xo noi dia,66730,66730.0,10,observed,24.683,86.867,311.0,0.488,Dat do bazan,5,high,10,Nong Nghiep Moi Truong
2023-09-01,2023-09-30,Dak Lak,Ea H'leo,Robusta / ca phe nhan xo noi dia,66650,66650.0,10,observed,23.98,87.233,210.0,0.482,Dat do bazan,5,medium,10,Nong Nghiep Moi Truong
2023-09-01,2023-09-30,Dak Nong,Dak R'lap,Robusta / ca phe nhan xo noi dia,66890,66890.0,10,observed,23.087,92.1,377.8,0.498,Dat do bazan,4,low,10,Nong Nghiep Moi Truong
2023-09-01,2023-09-30,Dak Nong,Gia Nghia,Robusta / ca phe nhan xo noi dia,66990,66990.0,10,observed,23.12,90.733,329.7,0.497,Dat do bazan,4,low,10,Nong Nghiep Moi Truong
2023-09-01,2023-09-30,Gia Lai,Chu Prong,Robusta / ca phe nhan xo noi dia,66460,66460.0,10,observed,24.3,89.167,418.8,0.497,Dat do bazan,4,low,10,Nong Nghiep Moi Truong
2023-09-01,2023-09-30,Gia Lai,Ia Grai,Robusta / ca phe nhan xo noi dia,66360,66360.0,10,observed,24.987,89.733,414.3,0.498,Dat do bazan,4,low,10,Nong Nghiep Moi Truong
2023-09-01,2023-09-30,Gia Lai,Pleiku,Robusta / ca phe nhan xo noi dia,66360,66360.0,10,observed,22.633,90.833,316.2,0.49,Dat do bazan,4,low,10,Nong Nghiep Moi Truong
2023-09-01,2023-09-30,Kon Tum,Kon Tum,Robusta / ca phe nhan xo noi dia,66450,66450.0,10,observed,23.957,88.8,261.0,0.487,Dat do vang / dat bazan cuc bo,3,low,10,Nong Nghiep Moi Truong
2023-09-01,2023-09-30,Lam Dong,Bao Loc,Robusta / ca phe nhan xo noi dia,66030,66030.0,10,observed,22.12,91.167,265.1,0.495,Dat do vang tren bazan,4,low,10,Nong Nghiep Moi Truong
2023-09-01,2023-09-30,Lam Dong,Di Linh,Robusta / ca phe nhan xo noi dia,66030,66030.0,10,observed,21.623,91.333,257.1,0.494,Dat do vang tren bazan,4,medium,10,Nong Nghiep Moi Truong
2023-09-01,2023-09-30,Lam Dong,Lam Ha,Robusta / ca phe nhan xo noi dia,66030,66030.0,10,observed,22.237,87.5,193.9,0.481,Dat do vang tren bazan,4,low,10,Nong Nghiep Moi Truong
2023-10-01,2023-10-31,Dak Lak,Buon Ho,Robusta / ca phe nhan xo noi dia,63300,63300.0,8,observed,23.268,89.452,188.5,0.477,Dat do bazan,5,medium,8,Nong Nghiep Moi Truong
2023-10-01,2023-10-31,Dak Lak,Cu M'gar,Robusta / ca phe nhan xo noi dia,63400,63400.0,8,observed,24.694,86.161,233.8,0.484,Dat do bazan,5,high,8,Nong Nghiep Moi Truong
2023-10-01,2023-10-31,Dak Lak,Ea H'leo,Robusta / ca phe nhan xo noi dia,63300,63300.0,8,observed,23.777,87.806,162.2,0.466,Dat do bazan,5,medium,8,Nong Nghiep Moi Truong
2023-10-01,2023-10-31,Dak Nong,Dak R'lap,Robusta / ca phe nhan xo noi dia,63375,63375.0,8,observed,23.206,91.194,308.3,0.492,Dat do bazan,4,low,8,Nong Nghiep Moi Truong
2023-10-01,2023-10-31,Dak Nong,Gia Nghia,Robusta / ca phe nhan xo noi dia,63475,63475.0,8,observed,23.045,90.258,250.9,0.49,Dat do bazan,4,low,8,Nong Nghiep Moi Truong
2023-10-01,2023-10-31,Gia Lai,Chu Prong,Robusta / ca phe nhan xo noi dia,63275,63275.0,8,observed,24.532,87.323,288.2,0.483,Dat do bazan,4,low,8,Nong Nghiep Moi Truong
2023-10-01,2023-10-31,Gia Lai,Ia Grai,Robusta / ca phe nhan xo noi dia,63175,63175.0,8,observed,24.961,89.323,328.5,0.488,Dat do bazan,4,low,8,Nong Nghiep Moi Truong
2023-10-01,2023-10-31,Gia Lai,Pleiku,Robusta / ca phe nhan xo noi dia,63175,63175.0,8,observed,22.681,89.548,319.0,0.486,Dat do bazan,4,low,8,Nong Nghiep Moi Truong
2023-10-01,2023-10-31,Kon Tum,Kon Tum,Robusta / ca phe nhan xo noi dia,63262,63262.5,8,observed,23.435,89.645,276.7,0.485,Dat do vang / dat bazan cuc bo,3,low,8,Nong Nghiep Moi Truong
2023-10-01,2023-10-31,Lam Dong,Bao Loc,Robusta / ca phe nhan xo noi dia,62850,62850.0,8,observed,21.99,91.097,260.7,0.486,Dat do vang tren bazan,4,low,8,Nong Nghiep Moi Truong
2023-10-01,2023-10-31,Lam Dong,Di Linh,Robusta / ca phe nhan xo noi dia,62850,62850.0,8,observed,21.726,89.581,210.6,0.485,Dat do vang tren bazan,4,medium,8,Nong Nghiep Moi Truong
2023-10-01,2023-10-31,Lam Dong,Lam Ha,Robusta / ca phe nhan xo noi dia,62850,62850.0,8,observed,21.6,88.484,221.0,0.488,Dat do vang tren bazan,4,low,8,Nong Nghiep Moi Truong
2023-11-01,2023-11-30,Dak Lak,Buon Ho,Robusta / ca phe nhan xo noi dia,59143,59142.857142857145,7,observed,22.12,86.7,31.6,0.344,Dat do bazan,5,medium,7,Nong Nghiep Moi Truong
2023-11-01,2023-11-30,Dak Lak,Cu M'gar,Robusta / ca phe nhan xo noi dia,59317,59316.666666666664,6,observed,24.18,79.333,21.2,0.34,Dat do bazan,5,high,6,Nong Nghiep Moi Truong
2023-11-01,2023-11-30,Dak Lak,Ea H'leo,Robusta / ca phe nhan xo noi dia,59143,59142.857142857145,7,observed,22.71,83.567,44.1,0.357,Dat do bazan,5,medium,7,Nong Nghiep Moi Truong
2023-11-01,2023-11-30,Dak Nong,Dak R'lap,Robusta / ca phe nhan xo noi dia,59083,59083.333333333336,6,observed,23.027,83.333,50.6,0.433,Dat do bazan,4,low,6,Nong Nghiep Moi Truong
2023-11-01,2023-11-30,Dak Nong,Gia Nghia,Robusta / ca phe nhan xo noi dia,59183,59183.333333333336,6,observed,22.72,83.433,53.1,0.444,Dat do bazan,4,low,6,Nong Nghiep Moi Truong
2023-11-01,2023-11-30,Gia Lai,Chu Prong,Robusta / ca phe nhan xo noi dia,59117,59116.666666666664,6,observed,24.987,70.467,33.9,0.31,Dat do bazan,4,low,6,Nong Nghiep Moi Truong
2023-11-01,2023-11-30,Gia Lai,Ia Grai,Robusta / ca phe nhan xo noi dia,58929,58928.57142857143,7,observed,25.253,73.367,48.4,0.352,Dat do bazan,4,low,7,Nong Nghiep Moi Truong
2023-11-01,2023-11-30,Gia Lai,Pleiku,Robusta / ca phe nhan xo noi dia,58929,58928.57142857143,7,observed,22.39,77.833,37.7,0.335,Dat do bazan,4,low,7,Nong Nghiep Moi Truong
2023-11-01,2023-11-30,Kon Tum,Kon Tum,Robusta / ca phe nhan xo noi dia,59000,59000.0,7,observed,23.247,76.867,37.4,0.351,Dat do vang / dat bazan cuc bo,3,low,7,Nong Nghiep Moi Truong
2023-11-01,2023-11-30,Lam Dong,Bao Loc,Robusta / ca phe nhan xo noi dia,58543,58542.857142857145,7,observed,21.307,88.3,92.7,0.461,Dat do vang tren bazan,4,low,7,Nong Nghiep Moi Truong
2023-11-01,2023-11-30,Lam Dong,Di Linh,Robusta / ca phe nhan xo noi dia,58543,58542.857142857145,7,observed,21.36,84.833,82.2,0.444,Dat do vang tren bazan,4,medium,7,Nong Nghiep Moi Truong
2023-11-01,2023-11-30,Lam Dong,Lam Ha,Robusta / ca phe nhan xo noi dia,58543,58542.857142857145,7,observed,21.377,83.667,83.0,0.452,Dat do vang tren bazan,4,low,7,Nong Nghiep Moi Truong
2023-12-01,2023-12-31,Dak Lak,Buon Ho,Robusta / ca phe nhan xo noi dia,65712,65712.5,8,observed,21.452,84.065,10.0,0.238,Dat do bazan,5,medium,8,Nong Nghiep Moi Truong
2023-12-01,2023-12-31,Dak Lak,Cu M'gar,Robusta / ca phe nhan xo noi dia,65812,65812.5,8,observed,23.69,75.355,3.2,0.281,Dat do bazan,5,high,8,Nong Nghiep Moi Truong
2023-12-01,2023-12-31,Dak Lak,Ea H'leo,Robusta / ca phe nhan xo noi dia,65712,65712.5,8,observed,21.945,81.613,21.3,0.309,Dat do bazan,5,medium,8,Nong Nghiep Moi Truong
2023-12-01,2023-12-31,Dak Nong,Dak R'lap,Robusta / ca phe nhan xo noi dia,65712,65712.5,8,observed,23.071,76.452,6.3,0.326,Dat do bazan,4,low,8,Nong Nghiep Moi Truong
2023-12-01,2023-12-31,Dak Nong,Gia Nghia,Robusta / ca phe nhan xo noi dia,65812,65812.5,8,observed,22.529,77.839,7.3,0.345,Dat do bazan,4,low,8,Nong Nghiep Moi Truong
2023-12-01,2023-12-31,Gia Lai,Chu Prong,Robusta / ca phe nhan xo noi dia,65712,65712.5,8,observed,24.835,64.71,5.2,0.249,Dat do bazan,4,low,8,Nong Nghiep Moi Truong
2023-12-01,2023-12-31,Gia Lai,Ia Grai,Robusta / ca phe nhan xo noi dia,65612,65612.5,8,observed,25.458,65.452,5.5,0.254,Dat do bazan,4,low,8,Nong Nghiep Moi Truong
2023-12-01,2023-12-31,Gia Lai,Pleiku,Robusta / ca phe nhan xo noi dia,65638,65637.5,8,observed,22.0,73.387,3.1,0.256,Dat do bazan,4,low,8,Nong Nghiep Moi Truong
2023-12-01,2023-12-31,Kon Tum,Kon Tum,Robusta / ca phe nhan xo noi dia,65712,65712.5,8,observed,23.165,70.677,2.4,0.263,Dat do vang / dat bazan cuc bo,3,low,8,Nong Nghiep Moi Truong
2023-12-01,2023-12-31,Lam Dong,Bao Loc,Robusta / ca phe nhan xo noi dia,65112,65112.5,8,observed,20.926,83.903,19.6,0.339,Dat do vang tren bazan,4,low,8,Nong Nghiep Moi Truong
2023-12-01,2023-12-31,Lam Dong,Di Linh,Robusta / ca phe nhan xo noi dia,65112,65112.5,8,observed,21.274,77.774,30.2,0.305,Dat do vang tren bazan,4,medium,8,Nong Nghiep Moi Truong
2023-12-01,2023-12-31,Lam Dong,Lam Ha,Robusta / ca phe nhan xo noi dia,65112,65112.5,8,observed,21.119,77.548,22.4,0.327,Dat do vang tren bazan,4,low,8,Nong Nghiep Moi Truong
2024-01-01,2024-01-31,Dak Lak,Buon Ho,Robusta / ca phe nhan xo noi dia,70858,70858.33333333333,12,observed,20.313,80.935,2.2,0.188,Dat do bazan,5,medium,12,Nong Nghiep Moi Truong
2024-01-01,2024-01-31,Dak Lak,Cu M'gar,Robusta / ca phe nhan xo noi dia,70958,70958.33333333333,12,observed,22.603,72.29,0.0,0.261,Dat do bazan,5,high,12,Nong Nghiep Moi Truong
2024-01-01,2024-01-31,Dak Lak,Ea H'leo,Robusta / ca phe nhan xo noi dia,70858,70858.33333333333,12,observed,21.103,76.581,2.3,0.228,Dat do bazan,5,medium,12,Nong Nghiep Moi Truong
2024-01-01,2024-01-31,Dak Nong,Dak R'lap,Robusta / ca phe nhan xo noi dia,70917,70916.66666666667,12,observed,22.777,69.839,2.2,0.297,Dat do bazan,4,low,12,Nong Nghiep Moi Truong
2024-01-01,2024-01-31,Dak Nong,Gia Nghia,Robusta / ca phe nhan xo noi dia,71017,71016.66666666667,12,observed,22.061,72.194,0.2,0.311,Dat do bazan,4,low,12,Nong Nghiep Moi Truong
2024-01-01,2024-01-31,Gia Lai,Chu Prong,Robusta / ca phe nhan xo noi dia,70908,70908.33333333333,12,observed,23.458,64.065,0.0,0.241,Dat do bazan,4,low,12,Nong Nghiep Moi Truong
2024-01-01,2024-01-31,Gia Lai,Ia Grai,Robusta / ca phe nhan xo noi dia,70808,70808.33333333333,12,observed,24.603,62.29,0.0,0.242,Dat do bazan,4,low,12,Nong Nghiep Moi Truong
2024-01-01,2024-01-31,Gia Lai,Pleiku,Robusta / ca phe nhan xo noi dia,70808,70808.33333333333,12,observed,20.81,71.806,0.3,0.246,Dat do bazan,4,low,12,Nong Nghiep Moi Truong
2024-01-01,2024-01-31,Kon Tum,Kon Tum,Robusta / ca phe nhan xo noi dia,70858,70858.33333333333,12,observed,22.161,67.226,0.0,0.249,Dat do vang / dat bazan cuc bo,3,low,12,Nong Nghiep Moi Truong
2024-01-01,2024-01-31,Lam Dong,Bao Loc,Robusta / ca phe nhan xo noi dia,70300,70300.0,12,observed,20.919,77.387,8.0,0.279,Dat do vang tren bazan,4,low,12,Nong Nghiep Moi Truong
2024-01-01,2024-01-31,Lam Dong,Di Linh,Robusta / ca phe nhan xo noi dia,70300,70300.0,12,observed,21.219,70.065,20.6,0.232,Dat do vang tren bazan,4,medium,12,Nong Nghiep Moi Truong
2024-01-01,2024-01-31,Lam Dong,Lam Ha,Robusta / ca phe nhan xo noi dia,70300,70300.0,12,observed,20.768,72.452,8.0,0.276,Dat do vang tren bazan,4,low,12,Nong Nghiep Moi Truong
2024-02-01,2024-02-29,Dak Lak,Buon Ho,Robusta / ca phe nhan xo noi dia,79510,79510.0,10,observed,22.483,76.69,2.1,0.175,Dat do bazan,5,medium,10,Nong Nghiep Moi Truong
2024-02-01,2024-02-29,Dak Lak,Cu M'gar,Robusta / ca phe nhan xo noi dia,79590,79590.0,10,observed,25.041,67.034,0.4,0.254,Dat do bazan,5,high,10,Nong Nghiep Moi Truong
2024-02-01,2024-02-29,Dak Lak,Ea H'leo,Robusta / ca phe nhan xo noi dia,79510,79510.0,10,observed,23.417,71.379,2.5,0.21,Dat do bazan,5,medium,10,Nong Nghiep Moi Truong
2024-02-01,2024-02-29,Dak Nong,Dak R'lap,Robusta / ca phe nhan xo noi dia,79800,79800.0,10,observed,24.245,70.586,6.0,0.31,Dat do bazan,4,low,10,Nong Nghiep Moi Truong
2024-02-01,2024-02-29,Dak Nong,Gia Nghia,Robusta / ca phe nhan xo noi dia,79900,79900.0,10,observed,23.938,70.379,4.4,0.313,Dat do bazan,4,low,10,Nong Nghiep Moi Truong
2024-02-01,2024-02-29,Gia Lai,Chu Prong,Robusta / ca phe nhan xo noi dia,79470,79470.0,10,observed,25.748,60.0,1.2,0.247,Dat do bazan,4,low,10,Nong Nghiep Moi Truong
2024-02-01,2024-02-29,Gia Lai,Ia Grai,Robusta / ca phe nhan xo noi dia,79370,79370.0,10,observed,26.714,59.448,0.1,0.246,Dat do bazan,4,low,10,Nong Nghiep Moi Truong
2024-02-01,2024-02-29,Gia Lai,Pleiku,Robusta / ca phe nhan xo noi dia,79370,79370.0,10,observed,23.162,67.241,2.6,0.249,Dat do bazan,4,low,10,Nong Nghiep Moi Truong
2024-02-01,2024-02-29,Kon Tum,Kon Tum,Robusta / ca phe nhan xo noi dia,79420,79420.0,10,observed,24.331,65.241,1.2,0.252,Dat do vang / dat bazan cuc bo,3,low,10,Nong Nghiep Moi Truong
2024-02-01,2024-02-29,Lam Dong,Bao Loc,Robusta / ca phe nhan xo noi dia,78840,78840.0,10,observed,22.521,72.724,6.7,0.266,Dat do vang tren bazan,4,low,10,Nong Nghiep Moi Truong
2024-02-01,2024-02-29,Lam Dong,Di Linh,Robusta / ca phe nhan xo noi dia,78840,78840.0,10,observed,22.641,67.759,5.8,0.207,Dat do vang tren bazan,4,medium,10,Nong Nghiep Moi Truong
2024-02-01,2024-02-29,Lam Dong,Lam Ha,Robusta / ca phe nhan xo noi dia,78840,78840.0,10,observed,22.49,68.966,4.2,0.265,Dat do vang tren bazan,4,low,10,Nong Nghiep Moi Truong
2024-03-01,2024-03-31,Dak Lak,Buon Ho,Robusta / ca phe nhan xo noi dia,92300,92300.0,9,observed,24.123,74.452,16.4,0.181,Dat do bazan,5,medium,9,Nong Nghiep Moi Truong
2024-03-01,2024-03-31,Dak Lak,Cu M'gar,Robusta / ca phe nhan xo noi dia,92400,92400.0,9,observed,26.69,64.806,10.7,0.253,Dat do bazan,5,high,9,Nong Nghiep Moi Truong
2024-03-01,2024-03-31,Dak Lak,Ea H'leo,Robusta / ca phe nhan xo noi dia,92300,92300.0,9,observed,25.19,68.806,24.3,0.213,Dat do bazan,5,medium,9,Nong Nghiep Moi Truong
2024-03-01,2024-03-31,Dak Nong,Dak R'lap,Robusta / ca phe nhan xo noi dia,92444,92444.44444444444,9,observed,25.59,68.258,21.4,0.306,Dat do bazan,4,low,9,Nong Nghiep Moi Truong
2024-03-01,2024-03-31,Dak Nong,Gia Nghia,Robusta / ca phe nhan xo noi dia,92544,92544.44444444444,9,observed,25.403,67.065,13.3,0.312,Dat do bazan,4,low,9,Nong Nghiep Moi Truong
2024-03-01,2024-03-31,Gia Lai,Chu Prong,Robusta / ca phe nhan xo noi dia,92333,92333.33333333333,9,observed,27.358,58.613,9.0,0.251,Dat do bazan,4,low,9,Nong Nghiep Moi Truong
2024-03-01,2024-03-31,Gia Lai,Ia Grai,Robusta / ca phe nhan xo noi dia,92233,92233.33333333333,9,observed,28.319,57.161,9.6,0.246,Dat do bazan,4,low,9,Nong Nghiep Moi Truong
2024-03-01,2024-03-31,Gia Lai,Pleiku,Robusta / ca phe nhan xo noi dia,92233,92233.33333333333,9,observed,24.942,64.161,24.7,0.232,Dat do bazan,4,low,9,Nong Nghiep Moi Truong
2024-03-01,2024-03-31,Kon Tum,Kon Tum,Robusta / ca phe nhan xo noi dia,92267,92266.66666666667,9,observed,26.006,63.871,22.0,0.258,Dat do vang / dat bazan cuc bo,3,low,9,Nong Nghiep Moi Truong
2024-03-01,2024-03-31,Lam Dong,Bao Loc,Robusta / ca phe nhan xo noi dia,91689,91688.88888888889,9,observed,24.374,66.387,10.6,0.262,Dat do vang tren bazan,4,low,9,Nong Nghiep Moi Truong
2024-03-01,2024-03-31,Lam Dong,Di Linh,Robusta / ca phe nhan xo noi dia,91689,91688.88888888889,9,observed,23.929,64.065,17.0,0.21,Dat do vang tren bazan,4,medium,9,Nong Nghiep Moi Truong
2024-03-01,2024-03-31,Lam Dong,Lam Ha,Robusta / ca phe nhan xo noi dia,91689,91688.88888888889,9,observed,24.103,65.032,22.3,0.26,Dat do vang tren bazan,4,low,9,Nong Nghiep Moi Truong
2024-04-01,2024-04-30,Dak Lak,Buon Ho,Robusta / ca phe nhan xo noi dia,113462,113462.5,8,observed,27.38,66.733,24.5,0.196,Dat do bazan,5,medium,8,Nong Nghiep Moi Truong
2024-04-01,2024-04-30,Dak Lak,Cu M'gar,Robusta / ca phe nhan xo noi dia,113562,113562.5,8,observed,29.82,57.567,6.4,0.261,Dat do bazan,5,high,8,Nong Nghiep Moi Truong
2024-04-01,2024-04-30,Dak Lak,Ea H'leo,Robusta / ca phe nhan xo noi dia,113462,113462.5,8,observed,28.273,61.967,18.4,0.21,Dat do bazan,5,medium,8,Nong Nghiep Moi Truong
2024-04-01,2024-04-30,Dak Nong,Dak R'lap,Robusta / ca phe nhan xo noi dia,113650,113650.0,8,observed,26.773,71.5,18.0,0.334,Dat do bazan,4,low,8,Nong Nghiep Moi Truong
2024-04-01,2024-04-30,Dak Nong,Gia Nghia,Robusta / ca phe nhan xo noi dia,113750,113750.0,8,observed,26.687,71.067,12.4,0.337,Dat do bazan,4,low,8,Nong Nghiep Moi Truong
2024-04-01,2024-04-30,Gia Lai,Chu Prong,Robusta / ca phe nhan xo noi dia,113400,113400.0,8,observed,29.907,56.4,17.5,0.281,Dat do bazan,4,low,8,Nong Nghiep Moi Truong
2024-04-01,2024-04-30,Gia Lai,Ia Grai,Robusta / ca phe nhan xo noi dia,113338,113337.5,8,observed,30.89,55.767,18.7,0.264,Dat do bazan,4,low,8,Nong Nghiep Moi Truong
2024-04-01,2024-04-30,Gia Lai,Pleiku,Robusta / ca phe nhan xo noi dia,113312,113312.5,8,observed,27.933,59.167,39.9,0.261,Dat do bazan,4,low,8,Nong Nghiep Moi Truong
2024-04-01,2024-04-30,Kon Tum,Kon Tum,Robusta / ca phe nhan xo noi dia,113375,113375.0,8,observed,28.42,63.267,11.3,0.273,Dat do vang / dat bazan cuc bo,3,low,8,Nong Nghiep Moi Truong
2024-04-01,2024-04-30,Lam Dong,Bao Loc,Robusta / ca phe nhan xo noi dia,112988,112987.5,8,observed,25.86,68.867,16.8,0.276,Dat do vang tren bazan,4,low,8,Nong Nghiep Moi Truong
2024-04-01,2024-04-30,Lam Dong,Di Linh,Robusta / ca phe nhan xo noi dia,112988,112987.5,8,observed,25.103,68.533,25.7,0.222,Dat do vang tren bazan,4,medium,8,Nong Nghiep Moi Truong
2024-04-01,2024-04-30,Lam Dong,Lam Ha,Robusta / ca phe nhan xo noi dia,112988,112987.5,8,observed,25.487,68.233,7.4,0.274,Dat do vang tren bazan,4,low,8,Nong Nghiep Moi Truong
2024-05-01,2024-05-31,Dak Lak,Buon Ho,Robusta / ca phe nhan xo noi dia,101625,101625.0,8,observed,26.032,78.742,118.1,0.303,Dat do bazan,5,medium,8,Nong Nghiep Moi Truong
2024-05-01,2024-05-31,Dak Lak,Cu M'gar,Robusta / ca phe nhan xo noi dia,101725,101725.0,8,observed,28.032,72.71,109.1,0.357,Dat do bazan,5,high,8,Nong Nghiep Moi Truong
2024-05-01,2024-05-31,Dak Lak,Ea H'leo,Robusta / ca phe nhan xo noi dia,101625,101625.0,8,observed,26.558,77.161,101.9,0.343,Dat do bazan,5,medium,8,Nong Nghiep Moi Truong
2024-05-01,2024-05-31,Dak Nong,Dak R'lap,Robusta / ca phe nhan xo noi dia,101612,101612.5,8,observed,25.648,82.839,146.1,0.43,Dat do bazan,4,low,8,Nong Nghiep Moi Truong
2024-05-01,2024-05-31,Dak Nong,Gia Nghia,Robusta / ca phe nhan xo noi dia,101712,101712.5,8,observed,25.471,82.742,155.0,0.443,Dat do bazan,4,low,8,Nong Nghiep Moi Truong
2024-05-01,2024-05-31,Gia Lai,Chu Prong,Robusta / ca phe nhan xo noi dia,101225,101225.0,8,observed,27.929,71.935,177.5,0.37,Dat do bazan,4,low,8,Nong Nghiep Moi Truong
2024-05-01,2024-05-31,Gia Lai,Ia Grai,Robusta / ca phe nhan xo noi dia,101125,101125.0,8,observed,28.719,72.097,170.1,0.354,Dat do bazan,4,low,8,Nong Nghiep Moi Truong
2024-05-01,2024-05-31,Gia Lai,Pleiku,Robusta / ca phe nhan xo noi dia,101125,101125.0,8,observed,25.855,75.161,122.9,0.34,Dat do bazan,4,low,8,Nong Nghiep Moi Truong
2024-05-01,2024-05-31,Kon Tum,Kon Tum,Robusta / ca phe nhan xo noi dia,101200,101200.0,8,observed,26.829,75.839,131.0,0.359,Dat do vang / dat bazan cuc bo,3,low,8,Nong Nghiep Moi Truong
2024-05-01,2024-05-31,Lam Dong,Bao Loc,Robusta / ca phe nhan xo noi dia,100788,100787.5,8,observed,24.516,81.71,144.6,0.376,Dat do vang tren bazan,4,low,8,Nong Nghiep Moi Truong
2024-05-01,2024-05-31,Lam Dong,Di Linh,Robusta / ca phe nhan xo noi dia,100788,100787.5,8,observed,23.806,82.806,162.8,0.413,Dat do vang tren bazan,4,medium,8,Nong Nghiep Moi Truong
2024-05-01,2024-05-31,Lam Dong,Lam Ha,Robusta / ca phe nhan xo noi dia,100788,100787.5,8,observed,24.21,80.452,145.5,0.397,Dat do vang tren bazan,4,low,8,Nong Nghiep Moi Truong
2024-06-01,2024-06-30,Dak Lak,Buon Ho,Robusta / ca phe nhan xo noi dia,120875,120875.0,8,observed,25.29,80.367,156.0,0.348,Dat do bazan,5,medium,8,Cong Thuong; Nong Nghiep Moi Truong
2024-06-01,2024-06-30,Dak Lak,Cu M'gar,Robusta / ca phe nhan xo noi dia,120929,120928.57142857143,7,observed,26.373,79.567,229.2,0.417,Dat do bazan,5,high,7,Nong Nghiep Moi Truong
2024-06-01,2024-06-30,Dak Lak,Ea H'leo,Robusta / ca phe nhan xo noi dia,120875,120875.0,8,observed,25.62,80.733,122.5,0.397,Dat do bazan,5,medium,8,Cong Thuong; Nong Nghiep Moi Truong
2024-06-01,2024-06-30,Dak Nong,Dak R'lap,Robusta / ca phe nhan xo noi dia,121029,121028.57142857143,7,observed,24.247,88.8,256.1,0.482,Dat do bazan,4,low,7,Nong Nghiep Moi Truong
2024-06-01,2024-06-30,Dak Nong,Gia Nghia,Robusta / ca phe nhan xo noi dia,121129,121128.57142857143,7,observed,24.09,88.3,261.8,0.487,Dat do bazan,4,low,7,Nong Nghiep Moi Truong
2024-06-01,2024-06-30,Gia Lai,Chu Prong,Robusta / ca phe nhan xo noi dia,120971,120971.42857142857,7,observed,25.983,82.7,187.6,0.453,Dat do bazan,4,low,7,Nong Nghiep Moi Truong
2024-06-01,2024-06-30,Gia Lai,Ia Grai,Robusta / ca phe nhan xo noi dia,120850,120850.0,8,observed,26.66,83.933,224.5,0.452,Dat do bazan,4,low,8,Cong Thuong; Nong Nghiep Moi Truong
2024-06-01,2024-06-30,Gia Lai,Pleiku,Robusta / ca phe nhan xo noi dia,120888,120887.5,8,observed,24.39,84.033,161.2,0.413,Dat do bazan,4,low,8,Cong Thuong; Nong Nghiep Moi Truong
2024-06-01,2024-06-30,Kon Tum,Kon Tum,Robusta / ca phe nhan xo noi dia,120888,120887.5,8,observed,25.337,85.033,173.5,0.458,Dat do vang / dat bazan cuc bo,3,low,8,Cong Thuong; Nong Nghiep Moi Truong
2024-06-01,2024-06-30,Lam Dong,Bao Loc,Robusta / ca phe nhan xo noi dia,119938,119937.5,8,observed,23.153,88.0,193.9,0.439,Dat do vang tren bazan,4,low,8,Cong Thuong; Nong Nghiep Moi Truong
2024-06-01,2024-06-30,Lam Dong,Di Linh,Robusta / ca phe nhan xo noi dia,119938,119937.5,8,observed,22.617,88.233,218.1,0.479,Dat do vang tren bazan,4,medium,8,Cong Thuong; Nong Nghiep Moi Truong
2024-06-01,2024-06-30,Lam Dong,Lam Ha,Robusta / ca phe nhan xo noi dia,119938,119937.5,8,observed,23.077,84.8,158.9,0.444,Dat do vang tren bazan,4,low,8,Cong Thuong; Nong Nghiep Moi Truong
2024-07-01,2024-07-31,Dak Lak,Buon Ho,Robusta / ca phe nhan xo noi dia,127912,127912.5,8,observed,23.5,87.935,253.4,0.463,Dat do bazan,5,medium,8,Nong Nghiep Moi Truong
2024-07-01,2024-07-31,Dak Lak,Cu M'gar,Robusta / ca phe nhan xo noi dia,127988,127987.5,8,observed,24.7,87.065,423.1,0.489,Dat do bazan,5,high,8,Nong Nghiep Moi Truong
2024-07-01,2024-07-31,Dak Lak,Ea H'leo,Robusta / ca phe nhan xo noi dia,127912,127912.5,8,observed,23.852,88.258,273.5,0.488,Dat do bazan,5,medium,8,Nong Nghiep Moi Truong
2024-07-01,2024-07-31,Dak Nong,Dak R'lap,Robusta / ca phe nhan xo noi dia,128012,128012.5,8,observed,23.048,92.839,479.6,0.5,Dat do bazan,4,low,8,Nong Nghiep Moi Truong
2024-07-01,2024-07-31,Dak Nong,Gia Nghia,Robusta / ca phe nhan xo noi dia,128100,128100.0,8,observed,23.045,91.452,384.7,0.498,Dat do bazan,4,low,8,Nong Nghiep Moi Truong
2024-07-01,2024-07-31,Gia Lai,Chu Prong,Robusta / ca phe nhan xo noi dia,127962,127962.5,8,observed,24.094,90.935,423.7,0.499,Dat do bazan,4,low,8,Nong Nghiep Moi Truong
2024-07-01,2024-07-31,Gia Lai,Ia Grai,Robusta / ca phe nhan xo noi dia,127862,127862.5,8,observed,24.823,91.355,568.2,0.504,Dat do bazan,4,low,8,Nong Nghiep Moi Truong
2024-07-01,2024-07-31,Gia Lai,Pleiku,Robusta / ca phe nhan xo noi dia,127862,127862.5,8,observed,22.5,92.516,355.0,0.492,Dat do bazan,4,low,8,Nong Nghiep Moi Truong
2024-07-01,2024-07-31,Kon Tum,Kon Tum,Robusta / ca phe nhan xo noi dia,127888,127887.5,8,observed,24.148,88.645,359.2,0.493,Dat do vang / dat bazan cuc bo,3,low,8,Nong Nghiep Moi Truong
2024-07-01,2024-07-31,Lam Dong,Bao Loc,Robusta / ca phe nhan xo noi dia,127438,127437.5,8,observed,22.145,91.355,266.9,0.474,Dat do vang tren bazan,4,low,8,Nong Nghiep Moi Truong
2024-07-01,2024-07-31,Lam Dong,Di Linh,Robusta / ca phe nhan xo noi dia,127438,127437.5,8,observed,21.577,92.581,290.4,0.497,Dat do vang tren bazan,4,medium,8,Nong Nghiep Moi Truong
2024-07-01,2024-07-31,Lam Dong,Lam Ha,Robusta / ca phe nhan xo noi dia,127438,127437.5,8,observed,22.355,87.097,228.2,0.47,Dat do vang tren bazan,4,low,8,Nong Nghiep Moi Truong
2024-08-01,2024-08-31,Dak Lak,Buon Ho,Robusta / ca phe nhan xo noi dia,118600,118600.0,7,observed,24.606,83.581,149.5,0.369,Dat do bazan,5,medium,7,Nong Nghiep Moi Truong
2024-08-01,2024-08-31,Dak Lak,Cu M'gar,Robusta / ca phe nhan xo noi dia,118700,118700.0,7,observed,25.519,83.871,214.7,0.447,Dat do bazan,5,high,7,Nong Nghiep Moi Truong
2024-08-01,2024-08-31,Dak Lak,Ea H'leo,Robusta / ca phe nhan xo noi dia,118600,118600.0,7,observed,24.939,83.871,187.4,0.454,Dat do bazan,5,medium,7,Nong Nghiep Moi Truong
2024-08-01,2024-08-31,Dak Nong,Dak R'lap,Robusta / ca phe nhan xo noi dia,118586,118585.71428571429,7,observed,23.955,88.903,317.9,0.488,Dat do bazan,4,low,7,Nong Nghiep Moi Truong
2024-08-01,2024-08-31,Dak Nong,Gia Nghia,Robusta / ca phe nhan xo noi dia,118686,118685.71428571429,7,observed,23.987,87.613,288.8,0.483,Dat do bazan,4,low,7,Nong Nghiep Moi Truong
2024-08-01,2024-08-31,Gia Lai,Chu Prong,Robusta / ca phe nhan xo noi dia,118557,118557.14285714286,7,observed,25.435,85.258,204.3,0.481,Dat do bazan,4,low,7,Nong Nghiep Moi Truong
2024-08-01,2024-08-31,Gia Lai,Ia Grai,Robusta / ca phe nhan xo noi dia,118486,118485.71428571429,7,observed,26.077,86.065,225.8,0.483,Dat do bazan,4,low,7,Nong Nghiep Moi Truong
2024-08-01,2024-08-31,Gia Lai,Pleiku,Robusta / ca phe nhan xo noi dia,118486,118485.71428571429,7,observed,23.6,87.968,166.5,0.471,Dat do bazan,4,low,7,Nong Nghiep Moi Truong
2024-08-01,2024-08-31,Kon Tum,Kon Tum,Robusta / ca phe nhan xo noi dia,118543,118542.85714285714,7,observed,24.726,87.097,184.2,0.478,Dat do vang / dat bazan cuc bo,3,low,7,Nong Nghiep Moi Truong
2024-08-01,2024-08-31,Lam Dong,Bao Loc,Robusta / ca phe nhan xo noi dia,118000,118000.0,7,observed,22.742,89.355,187.5,0.466,Dat do vang tren bazan,4,low,7,Nong Nghiep Moi Truong
2024-08-01,2024-08-31,Lam Dong,Di Linh,Robusta / ca phe nhan xo noi dia,118000,118000.0,7,observed,22.216,89.71,203.7,0.482,Dat do vang tren bazan,4,medium,7,Nong Nghiep Moi Truong
2024-08-01,2024-08-31,Lam Dong,Lam Ha,Robusta / ca phe nhan xo noi dia,118000,118000.0,7,observed,22.832,85.161,157.5,0.431,Dat do vang tren bazan,4,low,7,Nong Nghiep Moi Truong
2024-09-01,2024-09-30,Dak Lak,Buon Ho,Robusta / ca phe nhan xo noi dia,122971,122971.42857142857,7,observed,23.517,89.2,211.6,0.486,Dat do bazan,5,medium,7,Nong Nghiep Moi Truong
2024-09-01,2024-09-30,Dak Lak,Cu M'gar,Robusta / ca phe nhan xo noi dia,123071,123071.42857142857,7,observed,24.693,87.733,268.0,0.487,Dat do bazan,5,high,7,Nong Nghiep Moi Truong
2024-09-01,2024-09-30,Dak Lak,Ea H'leo,Robusta / ca phe nhan xo noi dia,122971,122971.42857142857,7,observed,23.927,88.533,200.0,0.491,Dat do bazan,5,medium,7,Nong Nghiep Moi Truong
2024-09-01,2024-09-30,Dak Nong,Dak R'lap,Robusta / ca phe nhan xo noi dia,123043,123042.85714285714,7,observed,23.067,93.533,526.7,0.501,Dat do bazan,4,low,7,Nong Nghiep Moi Truong
2024-09-01,2024-09-30,Dak Nong,Gia Nghia,Robusta / ca phe nhan xo noi dia,123114,123114.28571428571,7,observed,22.98,92.5,425.3,0.5,Dat do bazan,4,low,7,Nong Nghiep Moi Truong
2024-09-01,2024-09-30,Gia Lai,Chu Prong,Robusta / ca phe nhan xo noi dia,123014,123014.28571428571,7,observed,24.287,90.367,409.5,0.493,Dat do bazan,4,low,7,Nong Nghiep Moi Truong
2024-09-01,2024-09-30,Gia Lai,Ia Grai,Robusta / ca phe nhan xo noi dia,122929,122928.57142857143,7,observed,24.943,91.033,453.0,0.498,Dat do bazan,4,low,7,Nong Nghiep Moi Truong
2024-09-01,2024-09-30,Gia Lai,Pleiku,Robusta / ca phe nhan xo noi dia,122929,122928.57142857143,7,observed,22.68,92.167,315.8,0.496,Dat do bazan,4,low,7,Nong Nghiep Moi Truong
2024-09-01,2024-09-30,Kon Tum,Kon Tum,Robusta / ca phe nhan xo noi dia,123014,123014.28571428571,7,observed,24.06,89.433,360.0,0.491,Dat do vang / dat bazan cuc bo,3,low,7,Nong Nghiep Moi Truong
2024-09-01,2024-09-30,Lam Dong,Bao Loc,Robusta / ca phe nhan xo noi dia,122514,122514.28571428571,7,observed,22.207,92.367,365.8,0.498,Dat do vang tren bazan,4,low,7,Nong Nghiep Moi Truong
2024-09-01,2024-09-30,Lam Dong,Di Linh,Robusta / ca phe nhan xo noi dia,122514,122514.28571428571,7,observed,21.73,92.4,342.3,0.499,Dat do vang tren bazan,4,medium,7,Nong Nghiep Moi Truong
2024-09-01,2024-09-30,Lam Dong,Lam Ha,Robusta / ca phe nhan xo noi dia,122514,122514.28571428571,7,observed,22.3,88.667,331.5,0.491,Dat do vang tren bazan,4,low,7,Nong Nghiep Moi Truong
2024-10-01,2024-10-31,Dak Lak,Buon Ho,Robusta / ca phe nhan xo noi dia,112850,112850.0,8,observed,22.787,87.742,116.6,0.461,Dat do bazan,5,medium,8,Nong Nghiep Moi Truong
2024-10-01,2024-10-31,Dak Lak,Cu M'gar,Robusta / ca phe nhan xo noi dia,112950,112950.0,8,observed,24.352,83.774,149.1,0.464,Dat do bazan,5,high,8,Nong Nghiep Moi Truong
2024-10-01,2024-10-31,Dak Lak,Ea H'leo,Robusta / ca phe nhan xo noi dia,112850,112850.0,8,observed,23.397,84.677,129.2,0.423,Dat do bazan,5,medium,8,Nong Nghiep Moi Truong
2024-10-01,2024-10-31,Dak Nong,Dak R'lap,Robusta / ca phe nhan xo noi dia,113000,113000.0,8,observed,23.113,88.645,255.6,0.485,Dat do bazan,4,low,8,Nong Nghiep Moi Truong
2024-10-01,2024-10-31,Dak Nong,Gia Nghia,Robusta / ca phe nhan xo noi dia,113100,113100.0,8,observed,22.958,87.806,248.7,0.483,Dat do bazan,4,low,8,Nong Nghiep Moi Truong
2024-10-01,2024-10-31,Gia Lai,Chu Prong,Robusta / ca phe nhan xo noi dia,113000,113000.0,8,observed,24.197,83.355,235.2,0.476,Dat do bazan,4,low,8,Nong Nghiep Moi Truong
2024-10-01,2024-10-31,Gia Lai,Ia Grai,Robusta / ca phe nhan xo noi dia,112900,112900.0,8,observed,24.674,85.839,245.6,0.472,Dat do bazan,4,low,8,Nong Nghiep Moi Truong
2024-10-01,2024-10-31,Gia Lai,Pleiku,Robusta / ca phe nhan xo noi dia,112900,112900.0,8,observed,22.265,86.129,224.1,0.472,Dat do bazan,4,low,8,Nong Nghiep Moi Truong
2024-10-01,2024-10-31,Kon Tum,Kon Tum,Robusta / ca phe nhan xo noi dia,112900,112900.0,8,observed,23.039,85.839,184.8,0.462,Dat do vang / dat bazan cuc bo,3,low,8,Nong Nghiep Moi Truong
2024-10-01,2024-10-31,Lam Dong,Bao Loc,Robusta / ca phe nhan xo noi dia,112462,112462.5,8,observed,21.787,90.0,295.9,0.487,Dat do vang tren bazan,4,low,8,Nong Nghiep Moi Truong
2024-10-01,2024-10-31,Lam Dong,Di Linh,Robusta / ca phe nhan xo noi dia,112462,112462.5,8,observed,21.368,89.774,348.6,0.489,Dat do vang tren bazan,4,medium,8,Nong Nghiep Moi Truong
2024-10-01,2024-10-31,Lam Dong,Lam Ha,Robusta / ca phe nhan xo noi dia,112462,112462.5,8,observed,21.387,88.129,290.9,0.487,Dat do vang tren bazan,4,low,8,Nong Nghiep Moi Truong
2024-11-01,2024-11-30,Dak Lak,Buon Ho,Robusta / ca phe nhan xo noi dia,113167,113166.66666666667,6,observed,22.017,86.5,59.6,0.378,Dat do bazan,5,medium,6,Nong Nghiep Moi Truong
2024-11-01,2024-11-30,Dak Lak,Cu M'gar,Robusta / ca phe nhan xo noi dia,113000,113000.0,3,observed,24.12,78.4,56.8,0.352,Dat do bazan,5,high,3,Nong Nghiep Moi Truong
2024-11-01,2024-11-30,Dak Lak,Ea H'leo,Robusta / ca phe nhan xo noi dia,113167,113166.66666666667,6,observed,22.867,81.667,85.2,0.36,Dat do bazan,5,medium,6,Nong Nghiep Moi Truong
2024-11-01,2024-11-30,Dak Nong,Dak R'lap,Robusta / ca phe nhan xo noi dia,113133,113133.33333333333,3,observed,23.313,81.867,119.2,0.406,Dat do bazan,4,low,3,Nong Nghiep Moi Truong
2024-11-01,2024-11-30,Dak Nong,Gia Nghia,Robusta / ca phe nhan xo noi dia,113200,113200.0,3,observed,22.94,82.133,82.2,0.383,Dat do bazan,4,low,3,Nong Nghiep Moi Truong
2024-11-01,2024-11-30,Gia Lai,Chu Prong,Robusta / ca phe nhan xo noi dia,112933,112933.33333333333,3,observed,24.26,75.033,117.8,0.384,Dat do bazan,4,low,3,Nong Nghiep Moi Truong
2024-11-01,2024-11-30,Gia Lai,Ia Grai,Robusta / ca phe nhan xo noi dia,113117,113116.66666666667,6,observed,24.777,76.333,95.8,0.394,Dat do bazan,4,low,6,Nong Nghiep Moi Truong
2024-11-01,2024-11-30,Gia Lai,Pleiku,Robusta / ca phe nhan xo noi dia,113117,113116.66666666667,6,observed,22.093,79.8,83.2,0.407,Dat do bazan,4,low,6,Nong Nghiep Moi Truong
2024-11-01,2024-11-30,Kon Tum,Kon Tum,Robusta / ca phe nhan xo noi dia,113183,113183.33333333333,6,observed,22.993,77.9,81.7,0.412,Dat do vang / dat bazan cuc bo,3,low,6,Nong Nghiep Moi Truong
2024-11-01,2024-11-30,Lam Dong,Bao Loc,Robusta / ca phe nhan xo noi dia,112967,112966.66666666667,6,observed,21.55,86.4,108.0,0.416,Dat do vang tren bazan,4,low,6,Nong Nghiep Moi Truong
2024-11-01,2024-11-30,Lam Dong,Di Linh,Robusta / ca phe nhan xo noi dia,112967,112966.66666666667,6,observed,21.603,82.267,82.3,0.415,Dat do vang tren bazan,4,medium,6,Nong Nghiep Moi Truong
2024-11-01,2024-11-30,Lam Dong,Lam Ha,Robusta / ca phe nhan xo noi dia,112967,112966.66666666667,6,observed,21.47,82.267,89.6,0.434,Dat do vang tren bazan,4,low,6,Nong Nghiep Moi Truong
2024-12-01,2024-12-31,Dak Lak,Buon Ho,Robusta / ca phe nhan xo noi dia,124262,124262.5,8,observed,20.387,87.71,54.8,0.387,Dat do bazan,5,medium,8,Cong Thuong; Nong Nghiep Moi Truong
2024-12-01,2024-12-31,Dak Lak,Cu M'gar,Robusta / ca phe nhan xo noi dia,124375,124375.0,8,observed,22.571,79.226,46.2,0.349,Dat do bazan,5,high,8,Nong Nghiep Moi Truong
2024-12-01,2024-12-31,Dak Lak,Ea H'leo,Robusta / ca phe nhan xo noi dia,124262,124262.5,8,observed,20.829,84.935,103.3,0.368,Dat do bazan,5,medium,8,Cong Thuong; Nong Nghiep Moi Truong
2024-12-01,2024-12-31,Dak Nong,Dak R'lap,Robusta / ca phe nhan xo noi dia,124329,124328.57142857143,7,observed,22.3,78.935,42.9,0.36,Dat do bazan,4,low,7,Nong Nghiep Moi Truong
2024-12-01,2024-12-31,Dak Nong,Gia Nghia,Robusta / ca phe nhan xo noi dia,124525,124525.0,8,observed,21.684,81.484,37.3,0.328,Dat do bazan,4,low,8,Nong Nghiep Moi Truong
2024-12-01,2024-12-31,Gia Lai,Chu Prong,Robusta / ca phe nhan xo noi dia,124312,124312.5,8,observed,23.21,70.258,30.9,0.278,Dat do bazan,4,low,8,Nong Nghiep Moi Truong
2024-12-01,2024-12-31,Gia Lai,Ia Grai,Robusta / ca phe nhan xo noi dia,124129,124128.57142857143,7,observed,23.99,68.806,18.5,0.278,Dat do bazan,4,low,7,Nong Nghiep Moi Truong
2024-12-01,2024-12-31,Gia Lai,Pleiku,Robusta / ca phe nhan xo noi dia,124129,124128.57142857143,7,observed,20.79,76.097,23.9,0.286,Dat do bazan,4,low,7,Nong Nghiep Moi Truong
2024-12-01,2024-12-31,Kon Tum,Kon Tum,Robusta / ca phe nhan xo noi dia,124312,124312.5,8,observed,21.955,72.097,14.7,0.295,Dat do vang / dat bazan cuc bo,3,low,8,Nong Nghiep Moi Truong
2024-12-01,2024-12-31,Lam Dong,Bao Loc,Robusta / ca phe nhan xo noi dia,123062,123062.5,8,observed,20.442,87.065,59.4,0.418,Dat do vang tren bazan,4,low,8,Cong Thuong; Nong Nghiep Moi Truong
2024-12-01,2024-12-31,Lam Dong,Di Linh,Robusta / ca phe nhan xo noi dia,123111,123111.11111111111,9,observed,20.442,86.194,120.5,0.457,Dat do vang tren bazan,4,medium,9,Cong Thuong; Nong Nghiep Moi Truong
2024-12-01,2024-12-31,Lam Dong,Lam Ha,Robusta / ca phe nhan xo noi dia,123062,123062.5,8,observed,20.871,83.355,112.1,0.46,Dat do vang tren bazan,4,low,8,Cong Thuong; Nong Nghiep Moi Truong
2025-01-01,2025-01-31,Dak Lak,Buon Ho,Robusta / ca phe nhan xo noi dia,117525,117525.0,4,observed,18.41,81.452,1.2,0.297,Dat do bazan,5,medium,4,Nong Nghiep Moi Truong
2025-01-01,2025-01-31,Dak Lak,Cu M'gar,Robusta / ca phe nhan xo noi dia,118100,118100.0,5,observed,20.913,71.419,0.1,0.257,Dat do bazan,5,high,5,Nong Nghiep Moi Truong
2025-01-01,2025-01-31,Dak Lak,Ea H'leo,Robusta / ca phe nhan xo noi dia,117525,117525.0,4,observed,19.1,76.097,2.3,0.256,Dat do bazan,5,medium,4,Nong Nghiep Moi Truong
2025-01-01,2025-01-31,Dak Nong,Dak R'lap,Robusta / ca phe nhan xo noi dia,117750,117750.0,4,observed,21.468,69.548,0.2,0.257,Dat do bazan,4,low,4,Nong Nghiep Moi Truong
2025-01-01,2025-01-31,Dak Nong,Gia Nghia,Robusta / ca phe nhan xo noi dia,118380,118380.0,5,observed,20.558,72.968,0.7,0.216,Dat do bazan,4,low,5,Nong Nghiep Moi Truong
2025-01-01,2025-01-31,Gia Lai,Chu Prong,Robusta / ca phe nhan xo noi dia,118060,118060.0,5,observed,21.903,61.645,2.6,0.188,Dat do bazan,4,low,5,Nong Nghiep Moi Truong
2025-01-01,2025-01-31,Gia Lai,Ia Grai,Robusta / ca phe nhan xo noi dia,117550,117550.0,4,observed,22.603,62.065,2.1,0.201,Dat do bazan,4,low,4,Nong Nghiep Moi Truong
2025-01-01,2025-01-31,Gia Lai,Pleiku,Robusta / ca phe nhan xo noi dia,117550,117550.0,4,observed,19.21,69.613,0.7,0.197,Dat do bazan,4,low,4,Nong Nghiep Moi Truong
2025-01-01,2025-01-31,Kon Tum,Kon Tum,Robusta / ca phe nhan xo noi dia,117600,117600.0,4,observed,19.952,68.097,0.0,0.226,Dat do vang / dat bazan cuc bo,3,low,4,Nong Nghiep Moi Truong
2025-01-01,2025-01-31,Lam Dong,Bao Loc,Robusta / ca phe nhan xo noi dia,116925,116925.0,4,observed,19.474,80.226,6.4,0.326,Dat do vang tren bazan,4,low,4,Nong Nghiep Moi Truong
2025-01-01,2025-01-31,Lam Dong,Di Linh,Robusta / ca phe nhan xo noi dia,117400,117400.0,5,observed,19.929,76.613,33.9,0.4,Dat do vang tren bazan,4,medium,5,Nong Nghiep Moi Truong
2025-01-01,2025-01-31,Lam Dong,Lam Ha,Robusta / ca phe nhan xo noi dia,116925,116925.0,4,observed,19.703,75.839,27.5,0.373,Dat do vang tren bazan,4,low,4,Nong Nghiep Moi Truong
2025-02-01,2025-02-28,Dak Lak,Buon Ho,Robusta / ca phe nhan xo noi dia,131075,131075.0,8,observed,20.396,82.0,11.5,0.285,Dat do bazan,5,medium,8,Nong Nghiep Moi Truong
2025-02-01,2025-02-28,Dak Lak,Cu M'gar,Robusta / ca phe nhan xo noi dia,131425,131425.0,8,observed,23.089,70.571,6.3,0.217,Dat do bazan,5,high,8,Nong Nghiep Moi Truong
2025-02-01,2025-02-28,Dak Lak,Ea H'leo,Robusta / ca phe nhan xo noi dia,131075,131075.0,8,observed,21.279,76.679,20.2,0.235,Dat do bazan,5,medium,8,Nong Nghiep Moi Truong
2025-02-01,2025-02-28,Dak Nong,Dak R'lap,Robusta / ca phe nhan xo noi dia,131150,131150.0,8,observed,23.171,70.393,22.6,0.285,Dat do bazan,4,low,8,Nong Nghiep Moi Truong
2025-02-01,2025-02-28,Dak Nong,Gia Nghia,Robusta / ca phe nhan xo noi dia,131500,131500.0,8,observed,22.582,71.107,15.6,0.214,Dat do bazan,4,low,8,Nong Nghiep Moi Truong
2025-02-01,2025-02-28,Gia Lai,Chu Prong,Robusta / ca phe nhan xo noi dia,131425,131425.0,8,observed,24.061,62.536,3.9,0.186,Dat do bazan,4,low,8,Nong Nghiep Moi Truong
2025-02-01,2025-02-28,Gia Lai,Ia Grai,Robusta / ca phe nhan xo noi dia,131075,131075.0,8,observed,25.257,60.143,4.5,0.199,Dat do bazan,4,low,8,Nong Nghiep Moi Truong
2025-02-01,2025-02-28,Gia Lai,Pleiku,Robusta / ca phe nhan xo noi dia,131075,131075.0,8,observed,21.554,68.893,4.2,0.19,Dat do bazan,4,low,8,Nong Nghiep Moi Truong
2025-02-01,2025-02-28,Kon Tum,Kon Tum,Robusta / ca phe nhan xo noi dia,131075,131075.0,8,observed,22.836,65.036,4.3,0.217,Dat do vang / dat bazan cuc bo,3,low,8,Nong Nghiep Moi Truong
2025-02-01,2025-02-28,Lam Dong,Bao Loc,Robusta / ca phe nhan xo noi dia,130062,130062.5,8,observed,21.1,78.536,65.9,0.326,Dat do vang tren bazan,4,low,8,Nong Nghiep Moi Truong
2025-02-01,2025-02-28,Lam Dong,Di Linh,Robusta / ca phe nhan xo noi dia,130062,130062.5,8,observed,20.761,77.071,66.6,0.387,Dat do vang tren bazan,4,medium,8,Nong Nghiep Moi Truong
2025-02-01,2025-02-28,Lam Dong,Lam Ha,Robusta / ca phe nhan xo noi dia,130062,130062.5,8,observed,20.825,76.036,74.3,0.349,Dat do vang tren bazan,4,low,8,Nong Nghiep Moi Truong
2025-03-01,2025-03-31,Dak Lak,Buon Ho,Robusta / ca phe nhan xo noi dia,131378,131377.77777777778,9,observed,22.574,78.677,8.9,0.265,Dat do bazan,5,medium,9,Nong Nghiep Moi Truong
2025-03-01,2025-03-31,Dak Lak,Cu M'gar,Robusta / ca phe nhan xo noi dia,131362,131362.5,8,observed,25.274,68.452,9.4,0.248,Dat do bazan,5,high,8,Nong Nghiep Moi Truong
2025-03-01,2025-03-31,Dak Lak,Ea H'leo,Robusta / ca phe nhan xo noi dia,131378,131377.77777777778,9,observed,23.668,72.452,13.4,0.225,Dat do bazan,5,medium,9,Nong Nghiep Moi Truong
2025-03-01,2025-03-31,Dak Nong,Dak R'lap,Robusta / ca phe nhan xo noi dia,131411,131411.11111111112,9,observed,24.471,72.387,23.9,0.313,Dat do bazan,4,low,9,Nong Nghiep Moi Truong
2025-03-01,2025-03-31,Dak Nong,Gia Nghia,Robusta / ca phe nhan xo noi dia,131412,131412.5,8,observed,24.139,72.387,19.4,0.245,Dat do bazan,4,low,8,Nong Nghiep Moi Truong
2025-03-01,2025-03-31,Gia Lai,Chu Prong,Robusta / ca phe nhan xo noi dia,131088,131087.5,8,observed,26.219,60.903,6.9,0.207,Dat do bazan,4,low,8,Nong Nghiep Moi Truong
2025-03-01,2025-03-31,Gia Lai,Ia Grai,Robusta / ca phe nhan xo noi dia,131078,131077.77777777778,9,observed,27.342,58.806,8.6,0.202,Dat do bazan,4,low,9,Nong Nghiep Moi Truong
2025-03-01,2025-03-31,Gia Lai,Pleiku,Robusta / ca phe nhan xo noi dia,131078,131077.77777777778,9,observed,23.697,67.29,10.7,0.197,Dat do bazan,4,low,9,Nong Nghiep Moi Truong
2025-03-01,2025-03-31,Kon Tum,Kon Tum,Robusta / ca phe nhan xo noi dia,131470,131470.0,10,observed,25.316,62.484,8.8,0.219,Dat do vang / dat bazan cuc bo,3,low,10,Nong Nghiep Moi Truong
2025-03-01,2025-03-31,Lam Dong,Bao Loc,Robusta / ca phe nhan xo noi dia,129900,129900.0,9,observed,22.306,77.839,71.6,0.335,Dat do vang tren bazan,4,low,9,Nong Nghiep Moi Truong
2025-03-01,2025-03-31,Lam Dong,Di Linh,Robusta / ca phe nhan xo noi dia,129888,129887.5,8,observed,22.197,75.161,53.3,0.371,Dat do vang tren bazan,4,medium,8,Nong Nghiep Moi Truong
2025-03-01,2025-03-31,Lam Dong,Lam Ha,Robusta / ca phe nhan xo noi dia,129900,129900.0,9,observed,22.432,73.355,44.4,0.342,Dat do vang tren bazan,4,low,9,Nong Nghiep Moi Truong
2025-04-01,2025-04-30,Dak Lak,Buon Ho,Robusta / ca phe nhan xo noi dia,129388,129387.5,8,observed,24.407,76.233,42.2,0.286,Dat do bazan,5,medium,8,Nong Nghiep Moi Truong
2025-04-01,2025-04-30,Dak Lak,Cu M'gar,Robusta / ca phe nhan xo noi dia,128100,128100.0,6,observed,26.597,69.433,71.2,0.272,Dat do bazan,5,high,6,Nong Nghiep Moi Truong
2025-04-01,2025-04-30,Dak Lak,Ea H'leo,Robusta / ca phe nhan xo noi dia,129388,129387.5,8,observed,25.737,69.9,22.5,0.236,Dat do bazan,5,medium,8,Nong Nghiep Moi Truong
2025-04-01,2025-04-30,Dak Nong,Dak R'lap,Robusta / ca phe nhan xo noi dia,128033,128033.33333333333,6,observed,25.337,76.267,105.9,0.35,Dat do bazan,4,low,6,Nong Nghiep Moi Truong
2025-04-01,2025-04-30,Dak Nong,Gia Nghia,Robusta / ca phe nhan xo noi dia,128133,128133.33333333333,6,observed,25.257,74.8,60.8,0.289,Dat do bazan,4,low,6,Nong Nghiep Moi Truong
2025-04-01,2025-04-30,Gia Lai,Chu Prong,Robusta / ca phe nhan xo noi dia,128000,128000.0,6,observed,27.417,63.333,35.2,0.235,Dat do bazan,4,low,6,Nong Nghiep Moi Truong
2025-04-01,2025-04-30,Gia Lai,Ia Grai,Robusta / ca phe nhan xo noi dia,129312,129312.5,8,observed,28.067,65.267,60.8,0.232,Dat do bazan,4,low,8,Nong Nghiep Moi Truong
2025-04-01,2025-04-30,Gia Lai,Pleiku,Robusta / ca phe nhan xo noi dia,129312,129312.5,8,observed,25.13,68.167,44.7,0.214,Dat do bazan,4,low,8,Nong Nghiep Moi Truong
2025-04-01,2025-04-30,Kon Tum,Kon Tum,Robusta / ca phe nhan xo noi dia,129312,129312.5,8,observed,26.627,65.6,44.8,0.251,Dat do vang / dat bazan cuc bo,3,low,8,Nong Nghiep Moi Truong
2025-04-01,2025-04-30,Lam Dong,Bao Loc,Robusta / ca phe nhan xo noi dia,128538,128537.5,8,observed,23.093,79.933,80.7,0.354,Dat do vang tren bazan,4,low,8,Nong Nghiep Moi Truong
2025-04-01,2025-04-30,Lam Dong,Di Linh,Robusta / ca phe nhan xo noi dia,128538,128537.5,8,observed,22.773,78.433,91.0,0.414,Dat do vang tren bazan,4,medium,8,Nong Nghiep Moi Truong
2025-04-01,2025-04-30,Lam Dong,Lam Ha,Robusta / ca phe nhan xo noi dia,128538,128537.5,8,observed,23.327,75.033,43.9,0.348,Dat do vang tren bazan,4,low,8,Nong Nghiep Moi Truong
2025-05-01,2025-05-31,Dak Lak,Buon Ho,Robusta / ca phe nhan xo noi dia,127029,127028.57142857143,7,observed,24.645,83.645,162.4,0.362,Dat do bazan,5,medium,7,Nong Nghiep Moi Truong
2025-05-01,2025-05-31,Dak Lak,Cu M'gar,Robusta / ca phe nhan xo noi dia,126733,126733.33333333333,3,observed,26.068,81.452,235.2,0.397,Dat do bazan,5,high,3,Nong Nghiep Moi Truong
2025-05-01,2025-05-31,Dak Lak,Ea H'leo,Robusta / ca phe nhan xo noi dia,127029,127028.57142857143,7,observed,25.248,82.581,240.7,0.367,Dat do bazan,5,medium,7,Nong Nghiep Moi Truong
2025-05-01,2025-05-31,Dak Nong,Dak R'lap,Robusta / ca phe nhan xo noi dia,127750,127750.0,4,observed,24.461,87.161,331.2,0.452,Dat do bazan,4,low,4,Nong Nghiep Moi Truong
2025-05-01,2025-05-31,Dak Nong,Gia Nghia,Robusta / ca phe nhan xo noi dia,126867,126866.66666666667,3,observed,24.281,86.419,284.4,0.445,Dat do bazan,4,low,3,Nong Nghiep Moi Truong
2025-05-01,2025-05-31,Gia Lai,Chu Prong,Robusta / ca phe nhan xo noi dia,126667,126666.66666666667,3,observed,26.184,79.677,212.3,0.371,Dat do bazan,4,low,3,Nong Nghiep Moi Truong
2025-05-01,2025-05-31,Gia Lai,Ia Grai,Robusta / ca phe nhan xo noi dia,126914,126914.28571428571,7,observed,26.687,82.032,293.7,0.383,Dat do bazan,4,low,7,Nong Nghiep Moi Truong
2025-05-01,2025-05-31,Gia Lai,Pleiku,Robusta / ca phe nhan xo noi dia,126914,126914.28571428571,7,observed,24.2,82.903,245.4,0.397,Dat do bazan,4,low,7,Nong Nghiep Moi Truong
2025-05-01,2025-05-31,Kon Tum,Kon Tum,Robusta / ca phe nhan xo noi dia,126929,126928.57142857143,7,observed,25.797,79.355,190.4,0.373,Dat do vang / dat bazan cuc bo,3,low,7,Nong Nghiep Moi Truong
2025-05-01,2025-05-31,Lam Dong,Bao Loc,Robusta / ca phe nhan xo noi dia,126743,126742.85714285714,7,observed,23.006,87.0,248.5,0.422,Dat do vang tren bazan,4,low,7,Nong Nghiep Moi Truong
2025-05-01,2025-05-31,Lam Dong,Di Linh,Robusta / ca phe nhan xo noi dia,126167,126166.66666666667,6,observed,22.59,87.097,227.8,0.459,Dat do vang tren bazan,4,medium,6,Nong Nghiep Moi Truong
2025-05-01,2025-05-31,Lam Dong,Lam Ha,Robusta / ca phe nhan xo noi dia,126743,126742.85714285714,7,observed,22.884,84.516,197.4,0.423,Dat do vang tren bazan,4,low,7,Nong Nghiep Moi Truong
2025-06-01,2025-06-30,Dak Lak,Buon Ho,Robusta / ca phe nhan xo noi dia,111762,111762.5,8,observed,23.66,87.733,194.8,0.432,Dat do bazan,5,medium,8,Nong Nghiep Moi Truong
2025-06-01,2025-06-30,Dak Lak,Cu M'gar,Robusta / ca phe nhan xo noi dia,110925,110925.0,4,observed,24.907,86.433,265.7,0.455,Dat do bazan,5,high,4,Nong Nghiep Moi Truong
2025-06-01,2025-06-30,Dak Lak,Ea H'leo,Robusta / ca phe nhan xo noi dia,111762,111762.5,8,observed,23.937,89.0,285.0,0.451,Dat do bazan,5,medium,8,Nong Nghiep Moi Truong
2025-06-01,2025-06-30,Dak Nong,Dak R'lap,Robusta / ca phe nhan xo noi dia,111080,111080.0,5,observed,23.463,91.333,286.1,0.492,Dat do bazan,4,low,5,Nong Nghiep Moi Truong
2025-06-01,2025-06-30,Dak Nong,Gia Nghia,Robusta / ca phe nhan xo noi dia,110900,110900.0,4,observed,23.367,90.267,232.6,0.48,Dat do bazan,4,low,4,Nong Nghiep Moi Truong
2025-06-01,2025-06-30,Gia Lai,Chu Prong,Robusta / ca phe nhan xo noi dia,110800,110800.0,4,observed,24.347,90.367,406.6,0.488,Dat do bazan,4,low,4,Nong Nghiep Moi Truong
2025-06-01,2025-06-30,Gia Lai,Ia Grai,Robusta / ca phe nhan xo noi dia,111575,111575.0,8,observed,24.96,91.333,485.8,0.491,Dat do bazan,4,low,8,Nong Nghiep Moi Truong
2025-06-01,2025-06-30,Gia Lai,Pleiku,Robusta / ca phe nhan xo noi dia,111575,111575.0,8,observed,22.827,91.067,337.6,0.484,Dat do bazan,4,low,8,Nong Nghiep Moi Truong
2025-06-01,2025-06-30,Kon Tum,Kon Tum,Robusta / ca phe nhan xo noi dia,111600,111600.0,8,observed,24.523,86.2,364.6,0.469,Dat do vang / dat bazan cuc bo,3,low,8,Nong Nghiep Moi Truong
2025-06-01,2025-06-30,Lam Dong,Bao Loc,Robusta / ca phe nhan xo noi dia,111312,111312.5,8,observed,22.353,90.567,187.6,0.476,Dat do vang tren bazan,4,low,8,Nong Nghiep Moi Truong
2025-06-01,2025-06-30,Lam Dong,Di Linh,Robusta / ca phe nhan xo noi dia,111214,111214.28571428571,7,observed,21.767,91.433,242.2,0.488,Dat do vang tren bazan,4,medium,7,Nong Nghiep Moi Truong
2025-06-01,2025-06-30,Lam Dong,Lam Ha,Robusta / ca phe nhan xo noi dia,111312,111312.5,8,observed,22.563,86.1,151.0,0.439,Dat do vang tren bazan,4,low,8,Nong Nghiep Moi Truong
2025-07-01,2025-07-31,Dak Lak,Buon Ho,Robusta / ca phe nhan xo noi dia,92190,92190.0,10,observed,23.568,87.71,148.9,0.402,Dat do bazan,5,medium,10,Nong Nghiep Moi Truong
2025-07-01,2025-07-31,Dak Lak,Cu M'gar,Robusta / ca phe nhan xo noi dia,92290,92290.0,10,observed,24.887,86.29,213.2,0.476,Dat do bazan,5,high,10,Nong Nghiep Moi Truong
2025-07-01,2025-07-31,Dak Lak,Ea H'leo,Robusta / ca phe nhan xo noi dia,92190,92190.0,10,observed,23.697,89.968,195.5,0.423,Dat do bazan,5,medium,10,Nong Nghiep Moi Truong
2025-07-01,2025-07-31,Dak Nong,Dak R'lap,Robusta / ca phe nhan xo noi dia,92290,92290.0,10,observed,23.265,92.29,383.5,0.498,Dat do bazan,4,low,10,Nong Nghiep Moi Truong
2025-07-01,2025-07-31,Dak Nong,Gia Nghia,Robusta / ca phe nhan xo noi dia,92390,92390.0,10,observed,23.155,91.323,291.4,0.495,Dat do bazan,4,low,10,Nong Nghiep Moi Truong
2025-07-01,2025-07-31,Gia Lai,Chu Prong,Robusta / ca phe nhan xo noi dia,92220,92220.0,10,observed,23.9,93.194,505.5,0.502,Dat do bazan,4,low,10,Nong Nghiep Moi Truong
2025-07-01,2025-07-31,Gia Lai,Ia Grai,Robusta / ca phe nhan xo noi dia,92020,92020.0,10,observed,24.429,94.419,630.4,0.503,Dat do bazan,4,low,10,Nong Nghiep Moi Truong
2025-07-01,2025-07-31,Gia Lai,Pleiku,Robusta / ca phe nhan xo noi dia,92020,92020.0,10,observed,22.3,94.0,419.5,0.5,Dat do bazan,4,low,10,Nong Nghiep Moi Truong
2025-07-01,2025-07-31,Kon Tum,Kon Tum,Robusta / ca phe nhan xo noi dia,92020,92020.0,10,observed,24.29,87.548,351.0,0.494,Dat do vang / dat bazan cuc bo,3,low,10,Nong Nghiep Moi Truong
2025-07-01,2025-07-31,Lam Dong,Bao Loc,Robusta / ca phe nhan xo noi dia,91880,91880.0,10,observed,22.223,91.742,223.5,0.486,Dat do vang tren bazan,4,low,10,Nong Nghiep Moi Truong
2025-07-01,2025-07-31,Lam Dong,Di Linh,Robusta / ca phe nhan xo noi dia,91880,91880.0,10,observed,21.603,92.742,232.2,0.492,Dat do vang tren bazan,4,medium,10,Nong Nghiep Moi Truong
2025-07-01,2025-07-31,Lam Dong,Lam Ha,Robusta / ca phe nhan xo noi dia,91880,91880.0,10,observed,22.739,85.387,160.3,0.422,Dat do vang tren bazan,4,low,10,Nong Nghiep Moi Truong
2025-08-01,2025-08-31,Dak Lak,Buon Ho,Robusta / ca phe nhan xo noi dia,111114,111114.28571428571,7,observed,23.532,87.0,210.1,0.399,Dat do bazan,5,medium,7,Nong Nghiep Moi Truong
2025-08-01,2025-08-31,Dak Lak,Cu M'gar,Robusta / ca phe nhan xo noi dia,110200,110200.0,6,observed,24.69,86.032,291.7,0.443,Dat do bazan,5,high,6,Nong Nghiep Moi Truong
2025-08-01,2025-08-31,Dak Lak,Ea H'leo,Robusta / ca phe nhan xo noi dia,111114,111114.28571428571,7,observed,23.865,87.516,195.7,0.406,Dat do bazan,5,medium,7,Nong Nghiep Moi Truong
2025-08-01,2025-08-31,Dak Nong,Dak R'lap,Robusta / ca phe nhan xo noi dia,111243,111242.85714285714,7,observed,23.242,90.29,343.1,0.488,Dat do bazan,4,low,7,Nong Nghiep Moi Truong
2025-08-01,2025-08-31,Dak Nong,Gia Nghia,Robusta / ca phe nhan xo noi dia,110317,110316.66666666667,6,observed,23.132,89.387,257.7,0.468,Dat do bazan,4,low,6,Nong Nghiep Moi Truong
2025-08-01,2025-08-31,Gia Lai,Chu Prong,Robusta / ca phe nhan xo noi dia,110083,110083.33333333333,6,observed,24.21,90.097,389.4,0.489,Dat do bazan,4,low,6,Nong Nghiep Moi Truong
2025-08-01,2025-08-31,Gia Lai,Ia Grai,Robusta / ca phe nhan xo noi dia,110971,110971.42857142857,7,observed,24.871,90.774,456.8,0.492,Dat do bazan,4,low,7,Nong Nghiep Moi Truong
2025-08-01,2025-08-31,Gia Lai,Pleiku,Robusta / ca phe nhan xo noi dia,111000,111000.0,7,observed,22.706,90.387,275.8,0.482,Dat do bazan,4,low,7,Nong Nghiep Moi Truong
2025-08-01,2025-08-31,Kon Tum,Kon Tum,Robusta / ca phe nhan xo noi dia,109950,109950.0,6,observed,24.323,86.032,264.8,0.475,Dat do vang / dat bazan cuc bo,3,low,6,Nong Nghiep Moi Truong
2025-08-01,2025-08-31,Lam Dong,Bao Loc,Robusta / ca phe nhan xo noi dia,110814,110814.28571428571,7,observed,22.142,90.0,223.8,0.47,Dat do vang tren bazan,4,low,7,Nong Nghiep Moi Truong
2025-08-01,2025-08-31,Lam Dong,Di Linh,Robusta / ca phe nhan xo noi dia,109817,109816.66666666667,6,observed,21.581,90.839,219.4,0.485,Dat do vang tren bazan,4,medium,6,Nong Nghiep Moi Truong
2025-08-01,2025-08-31,Lam Dong,Lam Ha,Robusta / ca phe nhan xo noi dia,110814,110814.28571428571,7,observed,22.403,85.742,198.4,0.425,Dat do vang tren bazan,4,low,7,Nong Nghiep Moi Truong
2025-09-01,2025-09-30,Dak Lak,Buon Ho,Robusta / ca phe nhan xo noi dia,118543,118542.85714285714,7,observed,22.863,90.933,309.2,0.485,Dat do bazan,5,medium,7,Nong Nghiep Moi Truong
2025-09-01,2025-09-30,Dak Lak,Cu M'gar,Robusta / ca phe nhan xo noi dia,118643,118642.85714285714,7,observed,24.103,89.6,386.8,0.494,Dat do bazan,5,high,7,Nong Nghiep Moi Truong
2025-09-01,2025-09-30,Dak Lak,Ea H'leo,Robusta / ca phe nhan xo noi dia,118543,118542.85714285714,7,observed,23.257,91.2,334.3,0.483,Dat do bazan,5,medium,7,Nong Nghiep Moi Truong
2025-09-01,2025-09-30,Dak Nong,Dak R'lap,Robusta / ca phe nhan xo noi dia,118900,118900.0,7,observed,22.98,92.4,430.9,0.498,Dat do bazan,4,low,7,Nong Nghiep Moi Truong
2025-09-01,2025-09-30,Dak Nong,Gia Nghia,Robusta / ca phe nhan xo noi dia,118986,118985.71428571429,7,observed,22.827,91.767,421.0,0.496,Dat do bazan,4,low,7,Nong Nghiep Moi Truong
2025-09-01,2025-09-30,Gia Lai,Chu Prong,Robusta / ca phe nhan xo noi dia,118643,118642.85714285714,7,observed,23.8,91.467,548.1,0.497,Dat do bazan,4,low,7,Nong Nghiep Moi Truong
2025-09-01,2025-09-30,Gia Lai,Ia Grai,Robusta / ca phe nhan xo noi dia,118543,118542.85714285714,7,observed,24.45,92.267,576.5,0.496,Dat do bazan,4,low,7,Nong Nghiep Moi Truong
2025-09-01,2025-09-30,Gia Lai,Pleiku,Robusta / ca phe nhan xo noi dia,118543,118542.85714285714,7,observed,22.33,91.7,370.7,0.496,Dat do bazan,4,low,7,Nong Nghiep Moi Truong
2025-09-01,2025-09-30,Kon Tum,Kon Tum,Robusta / ca phe nhan xo noi dia,118543,118542.85714285714,7,observed,23.87,88.167,348.2,0.488,Dat do vang / dat bazan cuc bo,3,low,7,Nong Nghiep Moi Truong
2025-09-01,2025-09-30,Lam Dong,Bao Loc,Robusta / ca phe nhan xo noi dia,118100,118100.0,7,observed,21.773,92.167,340.4,0.496,Dat do vang tren bazan,4,low,7,Nong Nghiep Moi Truong
2025-09-01,2025-09-30,Lam Dong,Di Linh,Robusta / ca phe nhan xo noi dia,118100,118100.0,7,observed,21.233,93.067,300.3,0.499,Dat do vang tren bazan,4,medium,7,Nong Nghiep Moi Truong
2025-09-01,2025-09-30,Lam Dong,Lam Ha,Robusta / ca phe nhan xo noi dia,118100,118100.0,7,observed,21.84,89.3,298.8,0.489,Dat do vang tren bazan,4,low,7,Nong Nghiep Moi Truong
2025-10-01,2025-10-31,Dak Lak,Buon Ho,Robusta / ca phe nhan xo noi dia,114400,114400.0,3,observed,22.739,89.774,165.7,0.425,Dat do bazan,5,medium,3,Nong Nghiep Moi Truong
2025-10-01,2025-10-31,Dak Lak,Cu M'gar,Robusta / ca phe nhan xo noi dia,114500,114500.0,3,observed,24.429,85.226,246.6,0.422,Dat do bazan,5,high,3,Nong Nghiep Moi Truong
2025-10-01,2025-10-31,Dak Lak,Ea H'leo,Robusta / ca phe nhan xo noi dia,114400,114400.0,3,observed,23.326,88.0,187.4,0.417,Dat do bazan,5,medium,3,Nong Nghiep Moi Truong
2025-10-01,2025-10-31,Dak Nong,Dak R'lap,Robusta / ca phe nhan xo noi dia,114400,114400.0,3,observed,23.371,88.484,222.4,0.47,Dat do bazan,4,low,3,Nong Nghiep Moi Truong
2025-10-01,2025-10-31,Dak Nong,Gia Nghia,Robusta / ca phe nhan xo noi dia,114500,114500.0,3,observed,23.094,88.452,217.1,0.462,Dat do bazan,4,low,3,Nong Nghiep Moi Truong
2025-10-01,2025-10-31,Gia Lai,Chu Prong,Robusta / ca phe nhan xo noi dia,114000,114000.0,3,observed,24.51,84.097,234.7,0.452,Dat do bazan,4,low,3,Nong Nghiep Moi Truong
2025-10-01,2025-10-31,Gia Lai,Ia Grai,Robusta / ca phe nhan xo noi dia,113900,113900.0,3,observed,24.861,87.194,307.7,0.45,Dat do bazan,4,low,3,Nong Nghiep Moi Truong
2025-10-01,2025-10-31,Gia Lai,Pleiku,Robusta / ca phe nhan xo noi dia,113900,113900.0,3,observed,22.69,85.839,217.0,0.442,Dat do bazan,4,low,3,Nong Nghiep Moi Truong
2025-10-01,2025-10-31,Kon Tum,Kon Tum,Robusta / ca phe nhan xo noi dia,113900,113900.0,3,observed,23.745,84.419,215.9,0.445,Dat do vang / dat bazan cuc bo,3,low,3,Nong Nghiep Moi Truong
2025-10-01,2025-10-31,Lam Dong,Bao Loc,Robusta / ca phe nhan xo noi dia,113533,113533.33333333333,3,observed,21.806,90.226,240.7,0.476,Dat do vang tren bazan,4,low,3,Nong Nghiep Moi Truong
2025-10-01,2025-10-31,Lam Dong,Di Linh,Robusta / ca phe nhan xo noi dia,113533,113533.33333333333,3,observed,21.406,89.645,259.6,0.49,Dat do vang tren bazan,4,medium,3,Nong Nghiep Moi Truong
2025-10-01,2025-10-31,Lam Dong,Lam Ha,Robusta / ca phe nhan xo noi dia,113533,113533.33333333333,3,observed,21.506,88.419,257.3,0.486,Dat do vang tren bazan,4,low,3,Nong Nghiep Moi Truong
2025-11-01,2025-11-30,Dak Lak,Buon Ho,Robusta / ca phe nhan xo noi dia,113983,113983.33333333333,6,observed,21.373,88.4,244.4,0.454,Dat do bazan,5,medium,6,Nong Nghiep Moi Truong
2025-11-01,2025-11-30,Dak Lak,Cu M'gar,Robusta / ca phe nhan xo noi dia,114067,114066.66666666667,6,observed,23.2,82.833,305.6,0.44,Dat do bazan,5,high,6,Nong Nghiep Moi Truong
2025-11-01,2025-11-30,Dak Lak,Ea H'leo,Robusta / ca phe nhan xo noi dia,113967,113966.66666666667,6,observed,21.713,86.433,312.5,0.45,Dat do bazan,5,medium,6,Nong Nghiep Moi Truong
2025-11-01,2025-11-30,Dak Nong,Dak R'lap,Robusta / ca phe nhan xo noi dia,114000,114000.0,6,observed,22.55,84.433,281.9,0.454,Dat do bazan,4,low,6,Nong Nghiep Moi Truong
2025-11-01,2025-11-30,Dak Nong,Gia Nghia,Robusta / ca phe nhan xo noi dia,114100,114100.0,6,observed,22.113,85.367,239.6,0.452,Dat do bazan,4,low,6,Nong Nghiep Moi Truong
2025-11-01,2025-11-30,Gia Lai,Chu Prong,Robusta / ca phe nhan xo noi dia,113450,113450.0,6,observed,23.283,79.433,248.0,0.423,Dat do bazan,4,low,6,Nong Nghiep Moi Truong
2025-11-01,2025-11-30,Gia Lai,Ia Grai,Robusta / ca phe nhan xo noi dia,113350,113350.0,6,observed,23.773,80.733,195.2,0.414,Dat do bazan,4,low,6,Nong Nghiep Moi Truong
2025-11-01,2025-11-30,Gia Lai,Pleiku,Robusta / ca phe nhan xo noi dia,113350,113350.0,6,observed,21.42,81.0,268.7,0.434,Dat do bazan,4,low,6,Nong Nghiep Moi Truong
2025-11-01,2025-11-30,Kon Tum,Kon Tum,Robusta / ca phe nhan xo noi dia,113350,113350.0,6,observed,22.53,79.0,152.8,0.431,Dat do vang / dat bazan cuc bo,3,low,6,Nong Nghiep Moi Truong
2025-11-01,2025-11-30,Lam Dong,Bao Loc,Robusta / ca phe nhan xo noi dia,112500,112500.0,6,observed,21.053,88.267,239.3,0.464,Dat do vang tren bazan,4,low,6,Nong Nghiep Moi Truong
2025-11-01,2025-11-30,Lam Dong,Di Linh,Robusta / ca phe nhan xo noi dia,112500,112500.0,6,observed,20.78,87.8,241.2,0.48,Dat do vang tren bazan,4,medium,6,Nong Nghiep Moi Truong
2025-11-01,2025-11-30,Lam Dong,Lam Ha,Robusta / ca phe nhan xo noi dia,112500,112500.0,6,observed,21.067,85.633,264.8,0.471,Dat do vang tren bazan,4,low,6,Nong Nghiep Moi Truong
2025-12-01,2025-12-31,Dak Lak,Buon Ho,Robusta / ca phe nhan xo noi dia,97357,97357.14285714286,7,observed,20.558,87.29,42.7,0.364,Dat do bazan,5,medium,7,Nong Nghiep Moi Truong
2025-12-01,2025-12-31,Dak Lak,Cu M'gar,Robusta / ca phe nhan xo noi dia,97457,97457.14285714286,7,observed,22.774,78.419,36.8,0.298,Dat do bazan,5,high,7,Nong Nghiep Moi Truong
2025-12-01,2025-12-31,Dak Lak,Ea H'leo,Robusta / ca phe nhan xo noi dia,97357,97357.14285714286,7,observed,21.071,84.871,44.9,0.368,Dat do bazan,5,medium,7,Nong Nghiep Moi Truong
2025-12-01,2025-12-31,Dak Nong,Dak R'lap,Robusta / ca phe nhan xo noi dia,97557,97557.14285714286,7,observed,22.445,77.29,41.9,0.359,Dat do bazan,4,low,7,Nong Nghiep Moi Truong
2025-12-01,2025-12-31,Dak Nong,Gia Nghia,Robusta / ca phe nhan xo noi dia,97657,97657.14285714286,7,observed,21.848,79.226,27.5,0.292,Dat do bazan,4,low,7,Nong Nghiep Moi Truong
2025-12-01,2025-12-31,Gia Lai,Chu Prong,Robusta / ca phe nhan xo noi dia,97171,97171.42857142857,7,observed,23.503,69.968,19.9,0.263,Dat do bazan,4,low,7,Nong Nghiep Moi Truong
2025-12-01,2025-12-31,Gia Lai,Ia Grai,Robusta / ca phe nhan xo noi dia,97071,97071.42857142857,7,observed,24.294,69.161,14.6,0.264,Dat do bazan,4,low,7,Nong Nghiep Moi Truong
2025-12-01,2025-12-31,Gia Lai,Pleiku,Robusta / ca phe nhan xo noi dia,97071,97071.42857142857,7,observed,21.165,75.484,7.1,0.26,Dat do bazan,4,low,7,Nong Nghiep Moi Truong
2025-12-01,2025-12-31,Kon Tum,Kon Tum,Robusta / ca phe nhan xo noi dia,97071,97071.42857142857,7,observed,22.442,71.387,6.4,0.249,Dat do vang / dat bazan cuc bo,3,low,7,Nong Nghiep Moi Truong
2025-12-01,2025-12-31,Lam Dong,Bao Loc,Robusta / ca phe nhan xo noi dia,96800,96800.0,7,observed,20.329,85.194,67.4,0.411,Dat do vang tren bazan,4,low,7,Nong Nghiep Moi Truong
2025-12-01,2025-12-31,Lam Dong,Di Linh,Robusta / ca phe nhan xo noi dia,96800,96800.0,7,observed,20.381,81.419,58.8,0.421,Dat do vang tren bazan,4,medium,7,Nong Nghiep Moi Truong
2025-12-01,2025-12-31,Lam Dong,Lam Ha,Robusta / ca phe nhan xo noi dia,96800,96800.0,7,observed,20.471,80.742,42.5,0.43,Dat do vang tren bazan,4,low,7,Nong Nghiep Moi Truong
2026-01-01,2026-01-31,Dak Lak,Buon Ho,Robusta / ca phe nhan xo noi dia,98290,98290.0,10,observed,18.458,81.484,2.5,0.267,Dat do bazan,5,medium,10,Nong Nghiep Moi Truong
2026-01-01,2026-01-31,Dak Lak,Cu M'gar,Robusta / ca phe nhan xo noi dia,98390,98390.0,10,observed,21.09,70.097,0.0,0.23,Dat do bazan,5,high,10,Nong Nghiep Moi Truong
2026-01-01,2026-01-31,Dak Lak,Ea H'leo,Robusta / ca phe nhan xo noi dia,98290,98290.0,10,observed,19.313,75.129,2.0,0.228,Dat do bazan,5,medium,10,Nong Nghiep Moi Truong
2026-01-01,2026-01-31,Dak Nong,Dak R'lap,Robusta / ca phe nhan xo noi dia,98480,98480.0,10,observed,21.303,65.097,0.1,0.252,Dat do bazan,4,low,10,Nong Nghiep Moi Truong
2026-01-01,2026-01-31,Dak Nong,Gia Nghia,Robusta / ca phe nhan xo noi dia,98580,98580.0,10,observed,20.5,67.677,0.0,0.202,Dat do bazan,4,low,10,Nong Nghiep Moi Truong
2026-01-01,2026-01-31,Gia Lai,Chu Prong,Robusta / ca phe nhan xo noi dia,98280,98280.0,10,observed,22.065,60.29,0.0,0.171,Dat do bazan,4,low,10,Nong Nghiep Moi Truong
2026-01-01,2026-01-31,Gia Lai,Ia Grai,Robusta / ca phe nhan xo noi dia,98170,98170.0,10,observed,22.884,59.387,0.0,0.177,Dat do bazan,4,low,10,Nong Nghiep Moi Truong
2026-01-01,2026-01-31,Gia Lai,Pleiku,Robusta / ca phe nhan xo noi dia,98170,98170.0,10,observed,19.348,67.871,0.0,0.186,Dat do bazan,4,low,10,Nong Nghiep Moi Truong
2026-01-01,2026-01-31,Kon Tum,Kon Tum,Robusta / ca phe nhan xo noi dia,98170,98170.0,10,observed,20.358,65.355,0.0,0.191,Dat do vang / dat bazan cuc bo,3,low,10,Nong Nghiep Moi Truong
2026-01-01,2026-01-31,Lam Dong,Bao Loc,Robusta / ca phe nhan xo noi dia,97840,97840.0,10,observed,18.945,76.032,3.2,0.267,Dat do vang tren bazan,4,low,10,Nong Nghiep Moi Truong
2026-01-01,2026-01-31,Lam Dong,Di Linh,Robusta / ca phe nhan xo noi dia,97840,97840.0,10,observed,18.945,73.806,11.8,0.318,Dat do vang tren bazan,4,medium,10,Nong Nghiep Moi Truong
2026-01-01,2026-01-31,Lam Dong,Lam Ha,Robusta / ca phe nhan xo noi dia,97840,97840.0,10,observed,18.639,72.323,11.6,0.349,Dat do vang tren bazan,4,low,10,Nong Nghiep Moi Truong
2026-02-01,2026-02-28,Dak Lak,Buon Ho,Robusta / ca phe nhan xo noi dia,98567,98566.66666666667,6,observed,20.789,81.964,25.3,0.258,Dat do bazan,5,medium,6,Nong Nghiep Moi Truong
2026-02-01,2026-02-28,Dak Lak,Cu M'gar,Robusta / ca phe nhan xo noi dia,98667,98666.66666666667,6,observed,23.4,71.071,17.5,0.22,Dat do bazan,5,high,6,Nong Nghiep Moi Truong
2026-02-01,2026-02-28,Dak Lak,Ea H'leo,Robusta / ca phe nhan xo noi dia,98567,98566.66666666667,6,observed,21.932,75.036,40.5,0.22,Dat do bazan,5,medium,6,Nong Nghiep Moi Truong
2026-02-01,2026-02-28,Dak Nong,Dak R'lap,Robusta / ca phe nhan xo noi dia,98700,98700.0,6,observed,23.664,69.893,62.9,0.28,Dat do bazan,4,low,6,Nong Nghiep Moi Truong
2026-02-01,2026-02-28,Dak Nong,Gia Nghia,Robusta / ca phe nhan xo noi dia,98800,98800.0,6,observed,23.136,70.357,39.2,0.226,Dat do bazan,4,low,6,Nong Nghiep Moi Truong
2026-02-01,2026-02-28,Gia Lai,Chu Prong,Robusta / ca phe nhan xo noi dia,98617,98616.66666666667,6,observed,24.404,61.893,14.4,0.182,Dat do bazan,4,low,6,Nong Nghiep Moi Truong
2026-02-01,2026-02-28,Gia Lai,Ia Grai,Robusta / ca phe nhan xo noi dia,98517,98516.66666666667,6,observed,25.514,60.321,25.8,0.191,Dat do bazan,4,low,6,Nong Nghiep Moi Truong
2026-02-01,2026-02-28,Gia Lai,Pleiku,Robusta / ca phe nhan xo noi dia,98517,98516.66666666667,6,observed,21.911,68.643,24.0,0.205,Dat do bazan,4,low,6,Nong Nghiep Moi Truong
2026-02-01,2026-02-28,Kon Tum,Kon Tum,Robusta / ca phe nhan xo noi dia,98517,98516.66666666667,6,observed,23.518,63.571,17.7,0.178,Dat do vang / dat bazan cuc bo,3,low,6,Nong Nghiep Moi Truong
2026-02-01,2026-02-28,Lam Dong,Bao Loc,Robusta / ca phe nhan xo noi dia,97550,97550.0,6,observed,21.436,76.786,52.1,0.309,Dat do vang tren bazan,4,low,6,Nong Nghiep Moi Truong
2026-02-01,2026-02-28,Lam Dong,Di Linh,Robusta / ca phe nhan xo noi dia,97550,97550.0,6,observed,21.168,73.857,58.5,0.329,Dat do vang tren bazan,4,medium,6,Nong Nghiep Moi Truong
2026-02-01,2026-02-28,Lam Dong,Lam Ha,Robusta / ca phe nhan xo noi dia,97550,97550.0,6,observed,21.175,73.964,60.8,0.342,Dat do vang tren bazan,4,low,6,Nong Nghiep Moi Truong
2026-03-01,2026-03-31,Dak Lak,Buon Ho,Robusta / ca phe nhan xo noi dia,92388,92387.5,8,observed,22.226,77.581,19.6,0.309,Dat do bazan,5,medium,8,Nong Nghiep Moi Truong
2026-03-01,2026-03-31,Dak Lak,Cu M'gar,Robusta / ca phe nhan xo noi dia,92150,92150.0,6,observed,24.723,68.387,12.8,0.295,Dat do bazan,5,high,6,Nong Nghiep Moi Truong
2026-03-01,2026-03-31,Dak Lak,Ea H'leo,Robusta / ca phe nhan xo noi dia,92388,92387.5,8,observed,23.532,69.968,15.6,0.256,Dat do bazan,5,medium,8,Nong Nghiep Moi Truong
2026-03-01,2026-03-31,Dak Nong,Dak R'lap,Robusta / ca phe nhan xo noi dia,92575,92575.0,8,observed,24.29,70.161,23.5,0.311,Dat do bazan,4,low,8,Nong Nghiep Moi Truong
2026-03-01,2026-03-31,Dak Nong,Gia Nghia,Robusta / ca phe nhan xo noi dia,92333,92333.33333333333,6,observed,23.877,70.548,13.7,0.272,Dat do bazan,4,low,6,Nong Nghiep Moi Truong
2026-03-01,2026-03-31,Gia Lai,Chu Prong,Robusta / ca phe nhan xo noi dia,92167,92166.66666666667,6,observed,25.539,61.419,12.1,0.24,Dat do bazan,4,low,6,Nong Nghiep Moi Truong
2026-03-01,2026-03-31,Gia Lai,Ia Grai,Robusta / ca phe nhan xo noi dia,92400,92400.0,8,observed,26.223,62.129,17.0,0.252,Dat do bazan,4,low,8,Nong Nghiep Moi Truong
2026-03-01,2026-03-31,Gia Lai,Pleiku,Robusta / ca phe nhan xo noi dia,92400,92400.0,8,observed,23.032,67.645,22.2,0.254,Dat do bazan,4,low,8,Nong Nghiep Moi Truong
2026-03-01,2026-03-31,Kon Tum,Kon Tum,Robusta / ca phe nhan xo noi dia,92067,92066.66666666667,6,observed,24.406,64.29,26.8,0.27,Dat do vang / dat bazan cuc bo,3,low,6,Nong Nghiep Moi Truong
2026-03-01,2026-03-31,Lam Dong,Bao Loc,Robusta / ca phe nhan xo noi dia,91675,91675.0,8,observed,21.732,77.677,60.1,0.34,Dat do vang tren bazan,4,low,8,Nong Nghiep Moi Truong
2026-03-01,2026-03-31,Lam Dong,Di Linh,Robusta / ca phe nhan xo noi dia,91233,91233.33333333333,6,observed,21.274,75.516,43.5,0.401,Dat do vang tren bazan,4,medium,6,Nong Nghiep Moi Truong
2026-03-01,2026-03-31,Lam Dong,Lam Ha,Robusta / ca phe nhan xo noi dia,91675,91675.0,8,observed,21.384,74.645,51.5,0.394,Dat do vang tren bazan,4,low,8,Nong Nghiep Moi Truong
2026-04-01,2026-04-30,Dak Lak,Buon Ho,Robusta / ca phe nhan xo noi dia,92388,,0,interpolated_area,26.173,64.7,33.6,0.261,Dat do bazan,5,medium,0,
2026-04-01,2026-04-30,Dak Lak,Cu M'gar,Robusta / ca phe nhan xo noi dia,92150,,0,interpolated_area,28.31,58.833,11.4,0.26,Dat do bazan,5,high,0,
2026-04-01,2026-04-30,Dak Lak,Ea H'leo,Robusta / ca phe nhan xo noi dia,92388,,0,interpolated_area,27.583,57.467,17.6,0.227,Dat do bazan,5,medium,0,
2026-04-01,2026-04-30,Dak Nong,Dak R'lap,Robusta / ca phe nhan xo noi dia,92575,,0,interpolated_area,25.747,73.033,51.4,0.295,Dat do bazan,4,low,0,
2026-04-01,2026-04-30,Dak Nong,Gia Nghia,Robusta / ca phe nhan xo noi dia,92333,,0,interpolated_area,25.487,73.2,31.9,0.269,Dat do bazan,4,low,0,
2026-04-01,2026-04-30,Gia Lai,Chu Prong,Robusta / ca phe nhan xo noi dia,92167,,0,interpolated_area,28.317,57.0,13.5,0.223,Dat do bazan,4,low,0,
2026-04-01,2026-04-30,Gia Lai,Ia Grai,Robusta / ca phe nhan xo noi dia,92400,,0,interpolated_area,28.747,59.533,31.7,0.23,Dat do bazan,4,low,0,
2026-04-01,2026-04-30,Gia Lai,Pleiku,Robusta / ca phe nhan xo noi dia,92400,,0,interpolated_area,25.99,61.933,27.7,0.223,Dat do bazan,4,low,0,
2026-04-01,2026-04-30,Kon Tum,Kon Tum,Robusta / ca phe nhan xo noi dia,85300,85300.0,2,observed,27.2,61.933,34.0,0.244,Dat do vang / dat bazan cuc bo,3,low,2,Nong Nghiep Moi Truong
2026-04-01,2026-04-30,Lam Dong,Bao Loc,Robusta / ca phe nhan xo noi dia,91675,,0,interpolated_area,23.707,75.567,35.0,0.28,Dat do vang tren bazan,4,low,0,
2026-04-01,2026-04-30,Lam Dong,Di Linh,Robusta / ca phe nhan xo noi dia,91233,,0,interpolated_area,22.84,77.0,40.9,0.324,Dat do vang tren bazan,4,medium,0,
2026-04-01,2026-04-30,Lam Dong,Lam Ha,Robusta / ca phe nhan xo noi dia,91675,,0,interpolated_area,23.437,74.4,40.5,0.342,Dat do vang tren bazan,4,low,0,
